0.306594 0.070550 0.159494 0.451212 0.982532 0.341835 0.028753 0.597606 0.946775 0.207261 0.085857 0.434663 0.110523 0.267982 0.706806 0.122474 0.627304 0.818113 0.607663 0.314025 0.537802 0.080098 0.421699 0.640147 0.003466 0.273605 0.543200 0.177141 0.439293 0.185912 0.097982 0.133984 0.193974 0.297838 0.771588 0.581187 0.769126 0.868489 0.012672 0.046833 0.036154 0.482087 0.267930 0.522054 0.032647 0.002911 0.678208 0.678409 0.508267 0.328674 0.442042 0.715671 0.008221 0.969084 0.317803 0.780702 0.938832 0.111314 0.048108 0.207796 0.762305 0.972615 0.660295 0.926148 0.028758 0.241289 0.300803 0.891321 0.456930 0.551397 0.805915 0.996017 0.023551 0.066183 0.123806 0.544606 0.219575 0.360147 0.645974 0.151684 0.829239 0.296978 0.813244 0.398514 0.020201 0.984769 0.107275 0.303324 0.839489 0.630716 0.691732 0.803597 0.792487 0.471727 0.787884 0.717437 0.812116 0.629608 0.349688 0.948282
0.992218 0.845613 0.643146 0.865606 0.061306 0.753634 0.184453 0.709045 0.432414 0.081015 0.976196 0.928805 0.535299 0.529556 0.965129 0.940148 0.194185 0.098564 0.815965 0.068790 0.914381 0.641914 0.617492 0.053174 0.525560 0.848564 0.308302 0.716028 0.080412 0.653909 0.762219 0.380834 0.603314 0.513778 0.743971 0.910274 0.204815 0.434828 0.361567 0.383368 0.899379 0.277597 0.407831 0.030850 0.983113 0.077180 0.681545 0.980309 0.021912 0.498118 0.691917 0.062124 0.339375 0.424034 0.497928 0.380347 0.354627 0.726532 0.240973 0.975471 0.683203 0.239649 0.731485 0.887296 0.526706 0.006946 0.157279 0.341362 0.762469 0.777084 0.088294 0.164732 0.465403 0.317433 0.004117 0.868393 0.555098 0.551042 0.176361 0.021379 0.766154 0.126599 0.464996 0.581371 0.217067 0.325190 0.967345 0.506317 0.674805 0.006183 0.694478 0.217529 0.837192 0.538841 0.212910 0.724984 0.411885 0.756638 0.658572 0.188666
0.201815 0.676820 0.996693 0.791376 0.968314 0.754197 0.908541 0.013364 0.354577 0.569959 0.095530 0.835821 0.542704 0.757807 0.530670 0.149153 0.945924 0.598807 0.910419 0.224636 0.591325 0.954893 0.239382 0.159833 0.324518 0.700030 0.439801 0.622468 0.408284 0.219458 0.585311 0.751960 0.235033 0.545975 0.489156 0.835480 0.708563 0.876916 0.220608 0.562593 0.844743 0.086141 0.790768 0.434536 0.404428 0.347645 0.388294 0.242556 0.751330 0.073923 0.282431 0.878438 0.009609 0.553130 0.196388 0.608922 0.589954 0.338432 0.165501 0.851461 0.607956 0.522059 0.868762 0.612407 0.191721 0.403307 0.220807 0.703581 0.708665 0.552576 0.725670 0.117407 0.848409 0.266993 0.368268 0.946671 0.107794 0.558664 0.671185 0.913009 0.903440 0.628691 0.853542 0.636202 0.714380 0.451263 0.335308 0.471210 0.261899 0.337487 0.801288 0.439459 0.963332 0.539217 0.011356 0.612281 0.412473 0.888789 0.333913 0.688981
0.739379 0.525937 0.255043 0.031149 0.584171 0.169610 0.894371 0.294986 0.858873 0.704533 0.135268 0.384949 0.289758 0.924536 0.723459 0.732292 0.342144 0.037367 0.208083 0.155397 0.853755 0.232391 0.065050 0.874476 0.289112 0.040743 0.663060 0.042667 0.555422 0.329856 0.871913 0.561926 0.687726 0.311426 0.715683 0.079955 0.278618 0.209775 0.412696 0.704319 0.114417 0.799893 0.418570 0.302235 0.682070 0.269383 0.803906 0.768681 0.703112 0.291465 0.117206 0.594412 0.240675 0.212019 0.178259 0.212947 0.729483 0.220717 0.171883 0.833807 0.158414 0.976651 0.895465 0.129259 0.257273 0.338842 0.287471 0.541725 0.874285 0.156255 0.602642 0.037009 0.029199 0.040021 0.073796 0.165192 0.415675 0.462410 0.296175 0.983016 0.372267 0.013267 0.827216 0.171524 0.005498 0.595327 0.262394 0.060351 0.888221 0.978553 0.051131 0.872946 0.421869 0.061135 0.364658 0.169063 0.834320 0.053798 0.830815 0.255300
0.698116 0.801544 0.887812 0.859474 0.280984 0.268558 0.769206 0.503865 0.446505 0.812369 0.738500 0.508695 0.834094 0.687242 0.284976 0.688941 0.572061 0.849157 0.118954 0.659949 0.962854 0.702872 0.512162 0.501071 0.109288 0.814911 0.212891 0.525461 0.929585 0.687114 0.392133 0.757455 0.787029 0.407634 0.438872 0.971743 0.915932 0.251431 0.686180 0.948885 0.450517 0.444378 0.582946 0.965678 0.026571 0.606535 0.881670 0.539091 0.215053 0.758413 0.313773 0.299526 0.281729 0.009615 0.699119 0.436141 0.034994 0.431584 0.185049 0.558268 0.307312 0.139444 0.764423 0.474649 0.299496 0.815755 0.525047 0.571311 0.093926 0.060912 0.835829 0.258723 0.389210 0.392931 0.083264 0.706373 0.085840 0.894520 0.635299 0.403514 0.968374 0.102330 0.778258 0.216995 0.002954 0.882855 0.436516 0.103852 0.998830 0.363709 0.529662 0.954055 0.472418 0.664417 0.390093 0.921436 0.862253 0.601700 0.768743 0.225665
0.405141 0.774058 0.041891 0.012656 0.337574 0.151282 0.402900 0.373137 0.973973 0.112168 0.507213 0.597171 0.631069 0.130256 0.421448 0.176825 0.003885 0.536177 0.198670 0.499934 0.567689 0.026877 0.317443 0.049532 0.181072 0.399095 0.404342 0.761280 0.998364 0.633431 0.672309 0.953760 0.580584 0.959486 0.903257 0.429002 0.690522 0.670300 0.239087 0.371345 0.440100 0.538210 0.031492 0.983354 0.820623 0.348475 0.691271 0.818349 0.565860 0.816377 0.325956 0.552928 0.228428 0.907484 0.139850 0.297515 0.338555 0.413880 0.899868 0.972069 0.056009 0.505043 0.144860 0.718516 0.000603 0.685967 0.033107 0.148297 0.336253 0.192384 0.859411 0.893979 0.156743 0.269885 0.360542 0.948094 0.131945 0.677671 0.955124 0.657146 0.291628 0.281084 0.799695 0.002579 0.764198 0.191384 0.356638 0.381440 0.562814 0.327408 0.013676 0.992163 0.467605 0.817057 0.479792 0.904413 0.098503 0.883708 0.588820 0.968405
0.321302 0.019869 0.362381 0.514335 0.760853 0.133235 0.361691 0.070665 0.702554 0.163554 0.149099 0.717510 0.884238 0.103256 0.639251 0.041057 0.112062 0.726505 0.291456 0.513425 0.327761 0.601575 0.448405 0.317333 0.072191 0.305611 0.290470 0.315565 0.537394 0.871542 0.889462 0.090209 0.425028 0.088873 0.587030 0.267588 0.344975 0.485121 0.109618 0.094267 0.427475 0.911097 0.167618 0.610371 0.366258 0.763587 0.697553 0.430335 0.349106 0.813454 0.888644 0.820746 0.102929 0.440083 0.224196 0.789223 0.685569 0.437586 0.318879 0.003941 0.730786 0.051956 0.788207 0.037428 0.308851 0.582907 0.948862 0.814447 0.187282 0.353768 0.447473 0.738584 0.782869 0.801125 0.485281 0.180039 0.909736 0.182687 0.409762 0.507164 0.101635 0.682152 0.705800 0.545206 0.561049 0.780226 0.924278 0.955423 0.489106 0.847819 0.235733 0.958066 0.867834 0.796751 0.192652 0.555209 0.506856 0.298930 0.278704 0.891446
0.171939 0.982198 0.960973 0.400378 0.031088 0.418860 0.475250 0.613688 0.724789 0.605991 0.718416 0.825349 0.513571 0.892549 0.776091 0.362262 0.999601 0.099190 0.364230 0.834101 0.097892 0.805821 0.305171 0.425833 0.028696 0.343170 0.710854 0.588330 0.921791 0.040550 0.532214 0.191835 0.746300 0.037794 0.261765 0.030376 0.517316 0.588514 0.279032 0.633289 0.751737 0.719354 0.892457 0.577226 0.059495 0.125968 0.239999 0.354537 0.573299 0.949724 0.757879 0.334600 0.259615 0.596049 0.918572 0.199750 0.154832 0.750921 0.789172 0.455829 0.226742 0.233078 0.784823 0.264645 0.003106 0.635704 0.203694 0.558309 0.155134 0.612735 0.493878 0.100739 0.296441 0.690958 0.392416 0.455345 0.062257 0.962454 0.268758 0.183379 0.406233 0.127394 0.924760 0.081048 0.138128 0.921295 0.827402 0.624484 0.577282 0.745532 0.261221 0.956759 0.536910 0.337509 0.384287 0.920692 0.174581 0.912323 0.722309 0.216098
0.135195 0.394100 0.769834 0.791831 0.979513 0.113340 0.249023 0.921644 0.694190 0.438839 0.537967 0.969956 0.339722 0.241090 0.700518 0.140093 0.195164 0.950545 0.593521 0.425067 0.333223 0.827924 0.373086 0.577936 0.304193 0.519114 0.255004 0.683277 0.090329 0.518761 0.968464 0.802603 0.580352 0.986749 0.314317 0.309590 0.494564 0.918311 0.371277 0.033570 0.693220 0.807846 0.283094 0.056026 0.957951 0.851220 0.800459 0.747023 0.247912 0.638552 0.020857 0.962126 0.429829 0.897177 0.771976 0.213785 0.668327 0.824240 0.403669 0.980912 0.383154 0.631786 0.076759 0.668242 0.689001 0.135019 0.855445 0.213920 0.122479 0.105352 0.921701 0.615363 0.527329 0.061190 0.810524 0.794261 0.928256 0.533455 0.025204 0.232224 0.040440 0.703323 0.506234 0.825683 0.852897 0.884306 0.454734 0.464222 0.504106 0.254436 0.820307 0.468732 0.518488 0.586824 0.642476 0.088133 0.336554 0.898469 0.795586 0.501433
0.310945 0.292490 0.133098 0.455192 0.328341 0.958461 0.619612 0.659636 0.247843 0.457581 0.664615 0.771924 0.993793 0.549292 0.733263 0.174403 0.759554 0.723971 0.903009 0.298653 0.098829 0.343893 0.274610 0.966582 0.604583 0.664081 0.573559 0.281295 0.001385 0.422111 0.134113 0.429356 0.509065 0.016648 0.510103 0.187959 0.225526 0.435074 0.473728 0.507118 0.969393 0.769370 0.820679 0.384235 0.732773 0.126078 0.334616 0.656781 0.655607 0.300796 0.879694 0.331009 0.119353 0.832473 0.095947 0.840188 0.409271 0.183143 0.718896 0.327519 0.961537 0.389114 0.557629 0.716957 0.708105 0.141489 0.534679 0.872945 0.627766 0.975111 0.110731 0.375272 0.650647 0.488675 0.754231 0.903206 0.605607 0.010124 0.719258 0.676102 0.021284 0.619406 0.301716 0.184295 0.730449 0.507922 0.685003 0.341758 0.088849 0.629716 0.119726 0.880889 0.110660 0.135363 0.591698 0.104155 0.188181 0.544943 0.614249 0.192443
0.642025 0.319201 0.442436 0.084536 0.343285 0.833557 0.770875 0.773773 0.568215 0.310824 0.287221 0.589505 0.387646 0.453528 0.249444 0.857044 0.116077 0.109557 0.082457 0.167895 0.685858 0.219668 0.859329 0.826151 0.281954 0.137235 0.659718 0.941774 0.550687 0.316225 0.637340 0.461072 0.548080 0.732553 0.831753 0.670021 0.873972 0.245083 0.055175 0.551278 0.623458 0.780236 0.595651 0.898172 0.598025 0.457888 0.086096 0.298337 0.431762 0.298683 0.422944 0.287641 0.248671 0.556277 0.404777 0.766549 0.937976 0.184189 0.380762 0.807572 0.183579 0.600913 0.666882 0.085233 0.774739 0.773708 0.712708 0.161691 0.230087 0.781207 0.384959 0.752471 0.111818 0.578471 0.517228 0.715866 0.576494 0.986242 0.383181 0.719295 0.120336 0.721309 0.443828 0.999008 0.687893 0.767989 0.272244 0.811074 0.426454 0.852331 0.954814 0.220963 0.070774 0.021087 0.254606 0.512085 0.920426 0.635272 0.308890 0.127701
0.996930 0.881194 0.367213 0.888857 0.158064 0.855703 0.821637 0.894192 0.442803 0.919205 0.145378 0.312833 0.415895 0.629562 0.028484 0.800907 0.263457 0.332048 0.974570 0.793570 0.298076 0.885534 0.963712 0.874233 0.887798 0.031757 0.860530 0.288423 0.843345 0.062694 0.230398 0.018489 0.834418 0.690034 0.764831 0.456463 0.510605 0.965440 0.345084 0.038230 0.424593 0.044512 0.286985 0.128258 0.689540 0.458101 0.360600 0.030372 0.209156 0.665666 0.677436 0.135355 0.080153 0.945393 0.816631 0.932342 0.260350 0.817003 0.765811 0.115480 0.949190 0.743628 0.056778 0.562091 0.031900 0.515017 0.993105 0.011639 0.210369 0.620579 0.509674 0.458089 0.872389 0.352815 0.982440 0.783978 0.164323 0.768610 0.372196 0.819778 0.437729 0.911059 0.503924 0.678880 0.531230 0.302128 0.543790 0.726889 0.033159 0.042168 0.110895 0.502457 0.071322 0.134102 0.039647 0.600369 0.136163 0.835121 0.914973 0.630087
0.116878 0.690927 0.618456 0.950040 0.116844 0.374573 0.040930 0.294492 0.180849 0.071028 0.777363 0.148680 0.397016 0.171248 0.861104 0.533586 0.524749 0.053129 0.020900 0.467856 0.470391 0.385708 0.764874 0.635875 0.728164 0.086138 0.836094 0.885113 0.212426 0.565589 0.282691 0.662255 0.111552 0.326724 0.528436 0.420203 0.180083 0.782594 0.128624 0.965205 0.332274 0.780297 0.135520 0.710130 0.897720 0.994013 0.932403 0.521025 0.304990 0.788021 0.787823 0.678715 0.777880 0.340982 0.103755 0.715125 0.100126 0.184851 0.406607 0.045995 0.948779 0.592409 0.041519 0.604586 0.205009 0.805179 0.818619 0.962603 0.410861 0.244171 0.031463 0.806561 0.019490 0.442816 0.761469 0.084780 0.228619 0.890176 0.828508 0.446963 0.404921 0.873254 0.240410 0.024657 0.260734 0.101196 0.141747 0.431579 0.862551 0.958952 0.166571 0.318966 0.874191 0.256046 0.852949 0.854104 0.030032 0.233509 0.232083 0.383319
0.289947 0.849793 0.505030 0.091665 0.071084 0.495997 0.040228 0.161816 0.296901 0.999463 0.555767 0.504111 0.324123 0.934874 0.437616 0.031308 0.829187 0.744230 0.989181 0.393347 0.198769 0.720588 0.505390 0.218416 0.128706 0.859094 0.013196 0.102989 0.798275 0.995394 0.015247 0.449053 0.476600 0.618597 0.390335 0.280736 0.581052 0.909868 0.671016 0.769791 0.758400 0.104942 0.552295 0.009200 0.634398 0.730400 0.885272 0.752785 0.673560 0.870963 0.165223 0.455015 0.686178 0.108952 0.766006 0.490271 0.271089 0.680058 0.870288 0.525692 0.813700 0.102430 0.088538 0.318705 0.164303 0.763989 0.369337 0.991644 0.521183 0.277671 0.588747 0.989534 0.097380 0.353452 0.749781 0.383894 0.407468 0.218410 0.345337 0.061638 0.155322 0.858347 0.008408 0.081798 0.638447 0.158502 0.347619 0.218552 0.428896 0.728783 0.524401 0.284116 0.191854 0.523742 0.468778 0.604693 0.958812 0.125228 0.417071 0.374022
0.903751 0.227624 0.304722 0.947606 0.506744 0.880614 0.143446 0.024330 0.346850 0.269687 0.224799 0.985390 0.373219 0.063682 0.550837 0.763337 0.831335 0.095668 0.694722 0.394531 0.815950 0.587639 0.734399 0.489182 0.142474 0.782074 0.616142 0.840890 0.758482 0.379348 0.685359 0.980283 0.373360 0.320013 0.869396 0.801914 0.122584 0.205024 0.995317 0.792140 0.472791 0.688183 0.434634 0.017450 0.711986 0.624606 0.188084 0.727613 0.851667 0.479799 0.559093 0.570131 0.506407 0.795637 0.202109 0.993485 0.495788 0.712979 0.987459 0.268137 0.407942 0.536578 0.420689 0.412633 0.385929 0.536415 0.695706 0.088153 0.677723 0.081815 0.098175 0.598017 0.214169 0.989243 0.926949 0.562967 0.688235 0.583952 0.445931 0.719784 0.576198 0.337560 0.502445 0.247956 0.452096 0.056530 0.961106 0.201654 0.542699 0.995351 0.248441 0.070671 0.576998 0.362751 0.183999 0.269922 0.764454 0.579405 0.764701 0.650928
0.808735 0.687592 0.834979 0.405255 0.118831 0.082024 0.156495 0.237201 0.972532 0.696321 0.862425 0.569742 0.833427 0.305095 0.885623 0.994897 0.090171 0.567487 0.845986 0.439791 0.548488 0.865996 0.207991 0.943186 0.451956 0.987244 0.013027 0.363276 0.997520 0.653861 0.310833 0.208091 0.025874 0.138336 0.920528 0.016258 0.542753 0.632047 0.875787 0.961698 0.482998 0.659188 0.405189 0.234727 0.792218 0.185406 0.998366 0.581063 0.078003 0.931082 0.774657 0.937954 0.940019 0.867843 0.828024 0.828306 0.975375 0.801567 0.333057 0.090496 0.000751 0.054876 0.912236 0.741498 0.784798 0.721782 0.126681 0.344336 0.243795 0.082417 0.926627 0.609418 0.142713 0.246649 0.446250 0.033343 0.157989 0.639948 0.510603 0.516328 0.766308 0.607691 0.524830 0.424974 0.927284 0.463280 0.625072 0.685134 0.308297 0.905402 0.595829 0.934978 0.132383 0.776289 0.277239 0.686064 0.045270 0.246311 0.088242 0.696268
0.923248 0.639581 0.739909 0.031332 0.470993 0.781817 0.251702 0.094811 0.375078 0.486500 0.623742 0.931752 0.268349 0.281579 0.527455 0.617298 0.244359 0.133551 0.339542 0.134964 0.510025 0.902179 0.545884 0.682993 0.035103 0.412993 0.023932 0.897751 0.596855 0.168186 0.685606 0.636076 0.407532 0.354598 0.317222 0.064199 0.765423 0.619013 0.980660 0.630660 0.099394 0.776220 0.174441 0.690175 0.387618 0.962393 0.257612 0.550759 0.215156 0.695504 0.694170 0.066198 0.067058 0.605494 0.324002 0.826757 0.673241 0.699235 0.697248 0.559894 0.663260 0.103293 0.985389 0.836852 0.186720 0.550982 0.231352 0.163678 0.709283 0.277136 0.955892 0.920102 0.481510 0.224850 0.531387 0.915377 0.031705 0.945994 0.620322 0.001736 0.413356 0.525931 0.763352 0.032992 0.895584 0.908660 0.048591 0.824513 0.329253 0.054840 0.959108 0.225139 0.206724 0.634356 0.507254 0.509989 0.740307 0.262108 0.246670 0.025251
0.356559 0.850861 0.339404 0.665187 0.061007 0.393314 0.811779 0.254287 0.110336 0.682447 0.226958 0.444451 0.769108 0.337395 0.966468 0.906380 0.217714 0.175757 0.437842 0.930453 0.244756 0.044812 0.064502 0.830720 0.042853 0.959668 0.087269 0.684917 0.114032 0.812318 0.026089 0.724990 0.834499 0.864942 0.819354 0.689822 0.926008 0.657264 0.781941 0.420493 0.184906 0.169801 0.549744 0.037660 0.963262 0.032239 0.463846 0.144725 0.017809 0.953495 0.420111 0.754768 0.768286 0.797192 0.716442 0.850482 0.723300 0.205700 0.409279 0.703917 0.656403 0.068356 0.893777 0.070640 0.702839 0.390976 0.718471 0.221530 0.397570 0.744175 0.174283 0.484240 0.693296 0.350174 0.586379 0.100612 0.540581 0.007335 0.901604 0.891706 0.453454 0.329028 0.056893 0.938243 0.047526 0.916436 0.068976 0.115276 0.568613 0.542363 0.144151 0.966387 0.925028 0.974423 0.528005 0.388935 0.417074 0.571090 0.112886 0.855628
0.241705 0.446174 0.768345 0.253795 0.884004 0.471415 0.925042 0.233887 0.358204 0.936210 0.480234 0.364415 0.518997 0.590081 0.910765 0.414552 0.586275 0.684761 0.034049 0.736371 0.340153 0.621366 0.822821 0.592450 0.505423 0.858469 0.831736 0.127060 0.239848 0.802393 0.818652 0.421103 0.754792 0.356901 0.721075 0.565397 0.186930 0.058623 0.309768 0.367766 0.282123 0.280831 0.840421 0.419879 0.355290 0.751967 0.173016 0.762334 0.516483 0.093367 0.586863 0.688472 0.740194 0.625653 0.038975 0.254236 0.729571 0.088306 0.167377 0.086387 0.379225 0.920668 0.584344 0.885055 0.955144 0.994568 0.041918 0.306835 0.692386 0.267099 0.901377 0.420652 0.815725 0.238972 0.043162 0.116314 0.284628 0.777741 0.274956 0.168427 0.266305 0.291475 0.328262 0.383764 0.861650 0.863863 0.473016 0.203659 0.036568 0.099649 0.377640 0.223401 0.864162 0.907085 0.570707 0.067854 0.292762 0.094243 0.711835 0.912489
0.521019 0.600147 0.221256 0.059805 0.930581 0.542956 0.214728 0.433043 0.615113 0.349241 0.249127 0.884488 0.562204 0.200609 0.111818 0.677010 0.450999 0.479924 0.676967 0.860144 0.182709 0.870477 0.099133 0.627330 0.727061 0.416096 0.962688 0.697203 0.320301 0.327816 0.900098 0.723544 0.399606 0.461510 0.897251 0.021638 0.832912 0.685679 0.072287 0.449251 0.326305 0.495325 0.639306 0.712597 0.646908 0.839685 0.412252 0.857767 0.590849 0.510817 0.279369 0.220040 0.130848 0.442662 0.360017 0.057178 0.663384 0.874232 0.103448 0.311428 0.206108 0.968911 0.697525 0.700034 0.307703 0.330847 0.369794 0.735873 0.274849 0.464815 0.625300 0.749985 0.693656 0.677146 0.771762 0.898239 0.124667 0.480477 0.155778 0.672728 0.385637 0.623533 0.811433 0.353668 0.058962 0.836899 0.649681 0.809409 0.324992 0.160069 0.352335 0.143203 0.714328 0.594153 0.331943 0.371376 0.959377 0.854527 0.946536 0.276410
0.589017 0.326088 0.566205 0.773120 0.659492 0.427671 0.442101 0.012769 0.601985 0.305507 0.202726 0.082651 0.994274 0.347597 0.948185 0.825329 0.194489 0.568277 0.528850 0.333095 0.920012 0.440870 0.639098 0.626494 0.372996 0.294072 0.661544 0.713277 0.162537 0.905358 0.998283 0.413515 0.861066 0.866044 0.532924 0.582529 0.073003 0.058890 0.256643 0.620758 0.654845 0.716490 0.139354 0.862417 0.499159 0.328911 0.991972 0.310476 0.719580 0.133509 0.368104 0.095095 0.771523 0.517341 0.008066 0.935235 0.010117 0.852650 0.530538 0.498742 0.518950 0.230643 0.656074 0.631301 0.750674 0.291313 0.854625 0.763662 0.053476 0.347690 0.863815 0.689493 0.684798 0.691282 0.358776 0.436176 0.654002 0.574797 0.765162 0.118703 0.706318 0.725707 0.521828 0.585161 0.300894 0.244239 0.269592 0.489707 0.774502 0.225857 0.394445 0.387184 0.619441 0.173100 0.716639 0.951081 0.430181 0.805783 0.984082 0.973028
0.894389 0.059381 0.850081 0.695946 0.696653 0.733730 0.743719 0.684766 0.317432 0.944585 0.800767 0.368984 0.028333 0.922926 0.566553 0.603407 0.683754 0.889904 0.684919 0.109770 0.867963 0.042175 0.951394 0.366061 0.054668 0.944161 0.284838 0.753116 0.661332 0.054181 0.773537 0.022237 0.875323 0.325645 0.262903 0.350867 0.387572 0.856864 0.971911 0.803835 0.271924 0.440326 0.959893 0.778285 0.074912 0.371962 0.898299 0.762702 0.385063 0.713738 0.445106 0.045811 0.624791 0.154131 0.415502 0.291518 0.294607 0.155649 0.868641 0.187008 0.042990 0.640315 0.024234 0.961151 0.255087 0.271922 0.788181 0.668872 0.610141 0.019380 0.701235 0.513486 0.547833 0.056776 0.752318 0.753800 0.962976 0.933416 0.426550 0.140231 0.181246 0.945732 0.446630 0.584622 0.169949 0.669154 0.688910 0.067392 0.566597 0.795238 0.898909 0.188172 0.373682 0.758440 0.620195 0.705679 0.345103 0.796378 0.176635 0.532589
0.480189 0.595219 0.772285 0.637176 0.712872 0.106927 0.690795 0.347477 0.186041 0.010498 0.030355 0.849992 0.696319 0.048457 0.551392 0.238236 0.709031 0.969647 0.008668 0.598756 0.115407 0.353152 0.619787 0.851395 0.269747 0.649949 0.579726 0.249718 0.782729 0.927273 0.371414 0.756193 0.268456 0.583577 0.635509 0.428660 0.830768 0.077351 0.693001 0.280501 0.900243 0.780741 0.188939 0.702856 0.012710 0.786937 0.192231 0.056337 0.719619 0.495606 0.349626 0.310396 0.044790 0.228758 0.710506 0.867915 0.608738 0.148865 0.649155 0.643313 0.418756 0.987200 0.426283 0.177348 0.794240 0.687468 0.240160 0.320628 0.657360 0.042909 0.921916 0.806976 0.602391 0.128752 0.120386 0.216951 0.622332 0.762414 0.998849 0.907460 0.906729 0.631587 0.903314 0.818419 0.676953 0.698453 0.385714 0.582128 0.783383 0.973139 0.929460 0.602246 0.947011 0.481861 0.040023 0.741355 0.999347 0.424491 0.907303 0.057780
0.072445 0.273147 0.981554 0.637598 0.828341 0.043821 0.026131 0.141766 0.178152 0.834333 0.956090 0.854606 0.484009 0.883634 0.426004 0.366292 0.503386 0.390923 0.078031 0.512509 0.560808 0.414024 0.664233 0.572108 0.915685 0.199516 0.468058 0.449677 0.952407 0.263884 0.648162 0.752227 0.922467 0.944832 0.749274 0.538396 0.213144 0.434652 0.607631 0.811267 0.442566 0.535707 0.070239 0.964888 0.323174 0.166873 0.475049 0.816412 0.885837 0.256858 0.752361 0.273060 0.671055 0.360918 0.356574 0.141420 0.617547 0.592950 0.145527 0.591511 0.521052 0.469182 0.180831 0.907058 0.468147 0.264516 0.834424 0.305112 0.547115 0.525604 0.966816 0.760876 0.933613 0.053564 0.312685 0.641045 0.170418 0.537406 0.825899 0.977600 0.158601 0.718655 0.134984 0.663440 0.519517 0.753675 0.594014 0.389338 0.464771 0.542361 0.318164 0.967538 0.883871 0.562508 0.011006 0.779702 0.800919 0.238543 0.361519 0.271159
0.906967 0.059419 0.239148 0.783248 0.449892 0.315641 0.759689 0.140969 0.260818 0.845789 0.541842 0.682167 0.488397 0.097017 0.999614 0.768456 0.062835 0.340779 0.710307 0.052222 0.852848 0.385592 0.196839 0.582025 0.857065 0.520112 0.514213 0.761811 0.822891 0.191108 0.234328 0.846212 0.541709 0.953279 0.716427 0.717751 0.702393 0.679792 0.184238 0.276479 0.444970 0.303398 0.720892 0.966023 0.686927 0.683612 0.133737 0.176835 0.620715 0.981158 0.193694 0.864956 0.901420 0.732863 0.438603 0.081404 0.443690 0.280150 0.770932 0.603818 0.930072 0.827409 0.367932 0.434877 0.217967 0.303677 0.447585 0.411159 0.635995 0.465823 0.870478 0.864560 0.538972 0.568330 0.132362 0.887633 0.992928 0.727118 0.247547 0.579458 0.141943 0.969257 0.353268 0.326979 0.754894 0.948881 0.774442 0.746826 0.376723 0.786685 0.689410 0.376300 0.972412 0.566705 0.360109 0.516112 0.017468 0.823556 0.580637 0.612626
0.791699 0.121013 0.290558 0.360190 0.229968 0.572490 0.857258 0.588022 0.675236 0.355387 0.143956 0.041064 0.546351 0.786084 0.491257 0.991221 0.199167 0.736732 0.709324 0.302668 0.553508 0.719340 0.939545 0.744981 0.290045 0.114031 0.264998 0.161193 0.442111 0.852859 0.958083 0.571365 0.400939 0.870378 0.546132 0.379124 0.575372 0.465346 0.898443 0.089869 0.823887 0.820378 0.482640 0.060807 0.382255 0.136500 0.245968 0.810684 0.815354 0.660077 0.400966 0.714298 0.027616 0.862257 0.558925 0.525033 0.426469 0.959266 0.266008 0.200185 0.331387 0.683371 0.105063 0.695711 0.150563 0.247920 0.519261 0.371258 0.739416 0.475913 0.472945 0.120147 0.636950 0.722501 0.093218 0.048535 0.105685 0.517074 0.911983 0.268632 0.536793 0.630659 0.024294 0.215208 0.650164 0.758097 0.817696 0.761411 0.850047 0.005166 0.743778 0.537769 0.907122 0.664825 0.248642 0.908553 0.421414 0.370601 0.598636 0.343043
0.563852 0.792129 0.997528 0.532490 0.774109 0.933902 0.204530 0.590045 0.431234 0.389049 0.801581 0.211183 0.498515 0.530414 0.243683 0.850986 0.448777 0.450614 0.243294 0.819732 0.368056 0.417794 0.212372 0.596246 0.343262 0.067187 0.074286 0.464582 0.452399 0.977262 0.743211 0.692123 0.727892 0.290961 0.219337 0.483556 0.279234 0.248543 0.382192 0.938594 0.189543 0.950962 0.416196 0.640258 0.002047 0.930913 0.708747 0.049783 0.129179 0.838827 0.089110 0.394285 0.588218 0.556288 0.518480 0.538834 0.120913 0.214902 0.393411 0.418561 0.602407 0.071930 0.903159 0.247918 0.186372 0.034635 0.118120 0.646963 0.968973 0.837428 0.409537 0.568713 0.666952 0.223645 0.247250 0.834835 0.161191 0.207509 0.314682 0.844633 0.330640 0.813697 0.081206 0.833801 0.289839 0.063007 0.841160 0.411457 0.683617 0.029319 0.359777 0.361307 0.391633 0.044159 0.120900 0.143711 0.644989 0.369977 0.379217 0.041207
0.598877 0.541301 0.967731 0.991903 0.596097 0.710479 0.783420 0.169929 0.109250 0.911339 0.985163 0.186520 0.249712 0.152644 0.863077 0.374227 0.952362 0.200820 0.910423 0.533266 0.393978 0.171985 0.917396 0.286918 0.955058 0.840886 0.261640 0.826179 0.277707 0.029359 0.120335 0.917428 0.317324 0.820809 0.254458 0.355953 0.197147 0.875829 0.151697 0.701973 0.040079 0.895735 0.332462 0.464843 0.170295 0.567105 0.766142 0.873346 0.685791 0.825299 0.588396 0.301520 0.151498 0.849712 0.591080 0.185583 0.890251 0.247465 0.778055 0.759539 0.748434 0.506433 0.780978 0.157132 0.930269 0.762164 0.199396 0.831608 0.180929 0.258955 0.660464 0.945859 0.906699 0.291626 0.883288 0.842607 0.881136 0.602243 0.647426 0.947162 0.198555 0.189657 0.455979 0.757655 0.732328 0.242878 0.719005 0.389134 0.867536 0.062746 0.057509 0.114580 0.185356 0.074585 0.065193 0.335334 0.397652 0.869087 0.843664 0.624035
0.664685 0.740027 0.587474 0.802091 0.357823 0.602686 0.687291 0.444917 0.977846 0.168823 0.034363 0.518897 0.477608 0.716442 0.736555 0.543214 0.422971 0.216671 0.621532 0.398005 0.621554 0.977044 0.921171 0.419269 0.857674 0.388634 0.457131 0.458528 0.434309 0.815911 0.420202 0.590806 0.731409 0.863003 0.265137 0.432083 0.166540 0.141777 0.998785 0.883612 0.790228 0.647860 0.349912 0.124481 0.457426 0.110395 0.979235 0.235121 0.101308 0.870286 0.697792 0.514779 0.721965 0.872473 0.166430 0.376424 0.522785 0.286886 0.859407 0.002617 0.598078 0.812709 0.488387 0.645660 0.342693 0.449445 0.566352 0.710510 0.748156 0.682083 0.933017 0.272836 0.162811 0.328473 0.596072 0.925347 0.096039 0.988883 0.904516 0.450070 0.096009 0.204268 0.021854 0.621298 0.132241 0.725954 0.049277 0.294821 0.735915 0.864185 0.301607 0.254783 0.768782 0.106573 0.575050 0.756694 0.676785 0.269064 0.296151 0.567033
0.864487 0.780855 0.126602 0.685832 0.031677 0.588204 0.667862 0.759134 0.770272 0.322593 0.218687 0.627605 0.172035 0.471551 0.695996 0.353878 0.032913 0.239158 0.061094 0.569606 0.778049 0.427370 0.044315 0.457836 0.767775 0.115664 0.867562 0.120683 0.753995 0.424415 0.042416 0.164306 0.652367 0.956600 0.958275 0.318676 0.420288 0.379697 0.819084 0.668171 0.709533 0.520192 0.256198 0.799670 0.977230 0.392359 0.862400 0.474595 0.261451 0.863465 0.639562 0.885430 0.189199 0.086101 0.824917 0.409132 0.265902 0.475907 0.884278 0.391174 0.792993 0.410436 0.386436 0.041916 0.326518 0.835330 0.191962 0.085825 0.170589 0.763224 0.622762 0.050484 0.478019 0.566427 0.990068 0.807721 0.287925 0.749979 0.069331 0.662530 0.591631 0.853944 0.031166 0.295861 0.574110 0.343673 0.275982 0.460771 0.163337 0.773495 0.807073 0.827975 0.202541 0.864870 0.201299 0.567191 0.318594 0.743145 0.718700 0.637540
0.822227 0.038679 0.493132 0.839388 0.374318 0.982898 0.969020 0.859530 0.061377 0.828541 0.125498 0.053817 0.032854 0.945930 0.964880 0.669435 0.118196 0.962471 0.278052 0.997531 0.319026 0.775203 0.450162 0.130649 0.978481 0.396001 0.904766 0.215049 0.560807 0.224937 0.927375 0.079593 0.031116 0.411585 0.080879 0.199475 0.750596 0.232390 0.304332 0.953095 0.382405 0.927726 0.767701 0.925399 0.649077 0.382257 0.140724 0.598897 0.753979 0.886869 0.928644 0.642161 0.618574 0.785725 0.071844 0.832777 0.979814 0.137599 0.115051 0.377325 0.107867 0.449133 0.273676 0.048141 0.328618 0.299424 0.500642 0.544823 0.538566 0.115928 0.005181 0.740759 0.815948 0.486693 0.554477 0.555122 0.986254 0.804370 0.124791 0.502415 0.516252 0.386441 0.081790 0.749475 0.974991 0.152768 0.590306 0.594859 0.946415 0.417879 0.048503 0.366963 0.301506 0.843164 0.120013 0.738944 0.934463 0.356018 0.453310 0.882342
0.410981 0.926841 0.079883 0.387578 0.573421 0.172750 0.135513 0.946836 0.323147 0.028780 0.791413 0.966879 0.646107 0.530683 0.211702 0.284921 0.850022 0.709505 0.466653 0.221972 0.546020 0.192772 0.516566 0.437844 0.350429 0.257074 0.648160 0.224445 0.422166 0.114657 0.598515 0.237842 0.990394 0.134643 0.356013 0.173924 0.321118 0.882515 0.187256 0.487112 0.267877 0.400645 0.578639 0.280123 0.384591 0.683864 0.313203 0.938219 0.840224 0.840838 0.255540 0.356013 0.768088 0.549980 0.980508 0.969794 0.403305 0.423786 0.553186 0.548740 0.650170 0.659029 0.182654 0.509352 0.381112 0.758102 0.281800 0.997221 0.162775 0.799303 0.748899 0.682236 0.440594 0.565167 0.622074 0.405473 0.931849 0.588713 0.950812 0.496252 0.636476 0.440169 0.051433 0.377332 0.475804 0.123026 0.596224 0.874467 0.232958 0.589933 0.562376 0.250708 0.511962 0.729644 0.474275 0.685857 0.907717 0.585813 0.953574 0.995972
0.351519 0.199700 0.023765 0.160122 0.717245 0.903646 0.493740 0.098414 0.832754 0.481088 0.865647 0.354027 0.429707 0.812875 0.963813 0.019817 0.701427 0.840670 0.197779 0.975909 0.645398 0.016804 0.201026 0.236813 0.979432 0.481834 0.854513 0.174044 0.393197 0.744267 0.949818 0.333391 0.167221 0.301056 0.018247 0.327551 0.304367 0.053286 0.083945 0.919280 0.753803 0.025662 0.977066 0.541527 0.065888 0.036371 0.937692 0.369133 0.603752 0.701618 0.309327 0.817333 0.347827 0.745921 0.766921 0.972726 0.631875 0.734794 0.913789 0.007658 0.901133 0.719487 0.710980 0.283769 0.583878 0.846157 0.620013 0.762274 0.921416 0.597826 0.123656 0.366251 0.336899 0.274550 0.553309 0.235777 0.034485 0.449829 0.267602 0.523089 0.893587 0.962384 0.767109 0.817914 0.637542 0.418474 0.960022 0.381325 0.251250 0.557599 0.620320 0.177826 0.165062 0.096751 0.049265 0.427758 0.637881 0.481334 0.396809 0.563915
0.342686 0.826346 0.231269 0.446987 0.361402 0.074355 0.924034 0.847441 0.605764 0.818299 0.570214 0.918473 0.353703 0.158249 0.392859 0.633736 0.643084 0.758203 0.011548 0.348551 0.039602 0.550855 0.701047 0.536103 0.088843 0.704431 0.054766 0.598961 0.817017 0.391590 0.006852 0.304168 0.775167 0.530826 0.370150 0.439020 0.360220 0.765334 0.815537 0.149740 0.899420 0.897563 0.132420 0.497613 0.513916 0.143308 0.724377 0.157092 0.336869 0.254168 0.303735 0.106309 0.205655 0.554952 0.105580 0.972456 0.007818 0.556073 0.806292 0.083665 0.930508 0.813044 0.374273 0.316661 0.037127 0.130164 0.967197 0.213959 0.628344 0.612596 0.818665 0.009976 0.391280 0.347936 0.460469 0.909616 0.403841 0.358373 0.760327 0.556297 0.658002 0.741446 0.825564 0.269138 0.435339 0.137264 0.429846 0.569486 0.573335 0.585547 0.304617 0.107343 0.035693 0.464890 0.508923 0.477838 0.170303 0.548898 0.531105 0.133568
0.518627 0.709173 0.599701 0.725984 0.442608 0.425405 0.517880 0.815920 0.736032 0.201268 0.666431 0.320285 0.817394 0.609092 0.254421 0.767671 0.129060 0.026919 0.740140 0.022383 0.761198 0.209313 0.959045 0.526026 0.359237 0.935079 0.588489 0.904905 0.478748 0.910401 0.109889 0.617576 0.313027 0.726287 0.114592 0.979157 0.980897 0.282430 0.448170 0.315582 0.497827 0.166683 0.178544 0.978226 0.756934 0.917129 0.861426 0.435560 0.298560 0.768744 0.194605 0.329348 0.000130 0.856312 0.062017 0.981573 0.635142 0.922258 0.079154 0.267268 0.241282 0.130628 0.135785 0.901229 0.004412 0.931834 0.751064 0.465938 0.170551 0.070943 0.191422 0.674026 0.267036 0.861397 0.714866 0.316574 0.892917 0.016477 0.075826 0.306308 0.144612 0.159714 0.504178 0.009964 0.277525 0.088456 0.873860 0.223705 0.579852 0.710526 0.274502 0.978512 0.945577 0.600760 0.286898 0.708634 0.310285 0.091266 0.699389 0.693168
0.335421 0.053639 0.529226 0.910097 0.495289 0.378164 0.722914 0.328044 0.332100 0.706255 0.738160 0.937508 0.001919 0.909078 0.844288 0.196256 0.948902 0.320599 0.292065 0.962042 0.937180 0.931987 0.244211 0.658606 0.751963 0.855833 0.484627 0.042687 0.280505 0.266944 0.441991 0.808686 0.921669 0.668801 0.313856 0.689805 0.342968 0.665454 0.341775 0.004324 0.672653 0.901787 0.599612 0.244000 0.327822 0.540760 0.834335 0.470775 0.422462 0.787242 0.838926 0.576163 0.200861 0.897878 0.725184 0.732082 0.447992 0.743386 0.702334 0.972020 0.180205 0.606686 0.553317 0.633579 0.057922 0.969991 0.450521 0.309584 0.865858 0.223405 0.886943 0.875973 0.062481 0.468936 0.256170 0.747047 0.078999 0.206961 0.105052 0.475977 0.946145 0.754039 0.202521 0.342487 0.810258 0.133355 0.568999 0.626674 0.816940 0.346894 0.403081 0.859652 0.653709 0.234444 0.191044 0.973631 0.066896 0.270140 0.224388 0.775445
0.946541 0.028453 0.921584 0.422263 0.149037 0.844487 0.814780 0.342892 0.881143 0.273417 0.001239 0.320621 0.707218 0.197204 0.824396 0.286740 0.466802 0.575976 0.433484 0.079020 0.042643 0.574065 0.297054 0.462083 0.280198 0.568984 0.310651 0.139348 0.446053 0.732248 0.115005 0.062691 0.887958 0.155953 0.303600 0.427929 0.636550 0.711303 0.660516 0.824861 0.220607 0.549729 0.487028 0.209117 0.383955 0.743826 0.808527 0.103408 0.764792 0.897843 0.637042 0.791001 0.840378 0.129178 0.550169 0.383578 0.707335 0.682294 0.217261 0.866195 0.052616 0.917411 0.644277 0.913308 0.739174 0.137009 0.944723 0.281139 0.645037 0.446120 0.864405 0.873471 0.305111 0.498432 0.817533 0.842715 0.781722 0.397405 0.305376 0.459301 0.047555 0.045580 0.926526 0.868769 0.971430 0.458638 0.758842 0.762005 0.221761 0.928482 0.386656 0.341383 0.520312 0.985715 0.137164 0.287651 0.082003 0.678495 0.936534 0.653439
0.707806 0.027428 0.605832 0.090325 0.551206 0.103467 0.917296 0.746110 0.587125 0.392428 0.564054 0.127414 0.552761 0.993567 0.047042 0.495357 0.324437 0.214972 0.417568 0.978432 0.455052 0.903138 0.229575 0.242093 0.460658 0.238182 0.338429 0.340718 0.024361 0.798264 0.678914 0.448649 0.497861 0.897525 0.628430 0.124190 0.668919 0.361548 0.680656 0.934242 0.422011 0.833049 0.675216 0.234670 0.640705 0.129372 0.943254 0.390114 0.396187 0.872891 0.238519 0.032794 0.565076 0.715389 0.542365 0.946160 0.206781 0.457202 0.849023 0.767254 0.721710 0.691928 0.325796 0.884926 0.763070 0.395289 0.082771 0.754393 0.480347 0.563766 0.013161 0.622333 0.875956 0.547095 0.176945 0.380645 0.094801 0.566801 0.724910 0.819331 0.329135 0.887971 0.609450 0.448527 0.928991 0.702093 0.606223 0.370023 0.462862 0.807842 0.336551 0.207481 0.050224 0.270744 0.697351 0.451238 0.961072 0.939517 0.765734 0.953985
0.453534 0.503039 0.310190 0.735706 0.658614 0.923468 0.457411 0.447814 0.288355 0.312133 0.126647 0.619129 0.319061 0.566579 0.897082 0.450413 0.936909 0.225092 0.708457 0.646712 0.089309 0.716693 0.754713 0.748494 0.614794 0.566896 0.250844 0.479842 0.129776 0.068004 0.889224 0.810309 0.586899 0.465581 0.212623 0.696293 0.169019 0.504563 0.130770 0.991449 0.069148 0.843234 0.664829 0.867311 0.211880 0.889948 0.152065 0.456626 0.404462 0.518899 0.157289 0.537457 0.219270 0.735225 0.475907 0.316098 0.336563 0.618503 0.342518 0.115239 0.421842 0.793916 0.405325 0.262522 0.387077 0.060696 0.255551 0.991005 0.077761 0.269768 0.276519 0.667854 0.470605 0.319927 0.871047 0.635745 0.881843 0.057665 0.300363 0.284828 0.495599 0.124042 0.310719 0.784170 0.220550 0.758399 0.704283 0.167872 0.364577 0.536378 0.448184 0.801424 0.440301 0.341262 0.427868 0.771678 0.430218 0.882139 0.027253 0.692048
0.057187 0.175091 0.905525 0.209237 0.187469 0.327540 0.349692 0.558420 0.789432 0.013461 0.798770 0.631748 0.430014 0.058374 0.487591 0.332173 0.354891 0.681801 0.062219 0.104341 0.050432 0.202254 0.573487 0.489916 0.108796 0.679503 0.475770 0.786864 0.085608 0.174979 0.290061 0.203677 0.434418 0.649141 0.244544 0.544744 0.552501 0.272354 0.495461 0.410490 0.488540 0.793192 0.622564 0.372346 0.503117 0.145089 0.143712 0.572162 0.402520 0.771413 0.608870 0.815568 0.768833 0.623412 0.096255 0.531047 0.732750 0.672060 0.862766 0.648624 0.962976 0.216822 0.832246 0.411628 0.281533 0.649677 0.493014 0.363952 0.113452 0.030154 0.400841 0.296812 0.561693 0.277204 0.196271 0.031277 0.043707 0.475136 0.598415 0.125732 0.592942 0.787912 0.654759 0.113944 0.375078 0.512350 0.932018 0.908216 0.218110 0.930336 0.327445 0.175655 0.666021 0.043640 0.325061 0.468973 0.524372 0.857830 0.408436 0.420254
0.196755 0.617723 0.173855 0.530274 0.842470 0.686778 0.990244 0.053240 0.838077 0.008313 0.426785 0.032675 0.010674 0.752494 0.524636 0.638142 0.774513 0.092378 0.091512 0.756182 0.955771 0.876017 0.649392 0.201689 0.043188 0.646025 0.925694 0.448261 0.538603 0.471873 0.785552 0.832311 0.938132 0.347464 0.359150 0.702788 0.046920 0.665873 0.185909 0.459235 0.667740 0.702603 0.884284 0.709621 0.191798 0.355227 0.923588 0.366909 0.177640 0.243756 0.594894 0.253050 0.076937 0.489490 0.150943 0.754314 0.232090 0.477789 0.392503 0.592998 0.291996 0.256606 0.544772 0.549595 0.205957 0.768242 0.241993 0.392055 0.969021 0.084032 0.863162 0.030545 0.286305 0.041126 0.433986 0.282668 0.144912 0.257162 0.228130 0.883892 0.798964 0.695499 0.991559 0.669558 0.516527 0.263041 0.678051 0.277947 0.839739 0.582261 0.763242 0.585972 0.124680 0.891096 0.388612 0.827814 0.627640 0.833920 0.557951 0.971747
0.677726 0.285615 0.323892 0.707404 0.839941 0.379812 0.002416 0.663918 0.300491 0.276617 0.796618 0.201175 0.755137 0.169742 0.991797 0.937071 0.372417 0.487956 0.275053 0.976076 0.424022 0.216461 0.541552 0.293053 0.011073 0.362394 0.633740 0.641729 0.367867 0.642647 0.035320 0.165320 0.103374 0.515661 0.033762 0.477534 0.498915 0.106817 0.015869 0.884061 0.291881 0.895741 0.609912 0.295917 0.381561 0.065668 0.395332 0.161272 0.668742 0.438515 0.005136 0.383347 0.693016 0.591025 0.506748 0.587242 0.900919 0.405061 0.217089 0.110640 0.134566 0.236798 0.722071 0.305836 0.195845 0.095540 0.862043 0.224391 0.696712 0.310576 0.647301 0.344801 0.594037 0.359264 0.982540 0.962183 0.200408 0.180376 0.091641 0.410053 0.760595 0.749917 0.615175 0.920554 0.182137 0.483773 0.149407 0.296347 0.113487 0.558153 0.537119 0.267741 0.070973 0.357647 0.658182 0.996325 0.754018 0.875766 0.087681 0.609098
0.628428 0.664708 0.151553 0.156892 0.859105 0.837352 0.394179 0.008529 0.780725 0.244866 0.262250 0.409038 0.844498 0.283327 0.103594 0.571841 0.533163 0.814576 0.327477 0.812105 0.417614 0.061789 0.075080 0.619505 0.120074 0.432538 0.490892 0.128571 0.299826 0.541518 0.805606 0.455333 0.789052 0.397717 0.503774 0.622610 0.049887 0.268351 0.961631 0.151502 0.126141 0.928389 0.609039 0.089106 0.290362 0.767090 0.904447 0.056958 0.984780 0.396852 0.469296 0.407585 0.009276 0.710520 0.954253 0.030884 0.807890 0.982737 0.279493 0.695287 0.329568 0.488507 0.679473 0.315026 0.369541 0.547591 0.798633 0.906913 0.531652 0.447386 0.981297 0.066390 0.844934 0.124125 0.148400 0.938156 0.310542 0.813791 0.910857 0.731224 0.692085 0.692304 0.509522 0.237007 0.548394 0.453824 0.112312 0.004083 0.934542 0.234910 0.863203 0.494610 0.856606 0.733175 0.726795 0.569011 0.526839 0.199904 0.957362 0.418987
0.003543 0.846052 0.174859 0.305669 0.598639 0.728354 0.082265 0.756956 0.439233 0.759836 0.621118 0.475912 0.925228 0.409676 0.469664 0.488332 0.736467 0.861429 0.691905 0.836810 0.366465 0.635854 0.166611 0.794978 0.173497 0.086495 0.429691 0.692052 0.347652 0.122645 0.434476 0.523181 0.266322 0.522839 0.185149 0.948597 0.802986 0.360969 0.467629 0.199528 0.014411 0.353474 0.633438 0.939343 0.140662 0.748136 0.262925 0.071382 0.989801 0.596839 0.742202 0.063946 0.527163 0.881875 0.223334 0.072822 0.963330 0.456578 0.303106 0.205908 0.835682 0.477852 0.637125 0.570243 0.256073 0.209955 0.178114 0.440868 0.509255 0.650073 0.766842 0.174319 0.965369 0.521043 0.996594 0.062507 0.612493 0.693129 0.659893 0.072558 0.477051 0.821107 0.345348 0.457345 0.215883 0.816308 0.987518 0.668987 0.023826 0.762760 0.363517 0.427877 0.227427 0.123689 0.403468 0.312339 0.984952 0.446482 0.972588 0.680003
0.464864 0.192401 0.866324 0.289526 0.154911 0.707886 0.949103 0.254508 0.280082 0.885948 0.127227 0.054932 0.490988 0.507094 0.074024 0.290606 0.101564 0.464892 0.201472 0.245177 0.364079 0.419897 0.271578 0.998538 0.310166 0.999594 0.183100 0.300533 0.712419 0.184122 0.346969 0.909827 0.617284 0.035645 0.974073 0.419100 0.430376 0.979717 0.876337 0.073516 0.078805 0.738100 0.393324 0.467884 0.295573 0.115764 0.552705 0.376438 0.163566 0.587174 0.147419 0.038621 0.274916 0.169306 0.474449 0.706924 0.480381 0.506712 0.622983 0.855659 0.298405 0.828836 0.858167 0.258104 0.594385 0.303463 0.853412 0.328123 0.555074 0.678082 0.012149 0.553268 0.660556 0.867697 0.113596 0.007263 0.374331 0.357709 0.202277 0.621234 0.013414 0.231866 0.558586 0.125907 0.757890 0.592674 0.143815 0.468373 0.489353 0.721958 0.093985 0.677088 0.611047 0.262873 0.095085 0.887004 0.201874 0.062692 0.270594 0.995572
0.547093 0.476153 0.465975 0.008748 0.178322 0.050466 0.064102 0.720751 0.369666 0.195493 0.277424 0.343640 0.111154 0.946290 0.581225 0.178407 0.930204 0.037314 0.184466 0.442925 0.294473 0.498070 0.047075 0.897329 0.533760 0.300278 0.863601 0.892405 0.263287 0.979166 0.398708 0.997145 0.283986 0.870993 0.736501 0.577213 0.352047 0.210550 0.062411 0.133962 0.050614 0.751624 0.767439 0.693167 0.244546 0.821796 0.126133 0.554966 0.799525 0.851452 0.194312 0.985365 0.861464 0.634674 0.229201 0.615475 0.365223 0.076444 0.188050 0.684019 0.237424 0.108742 0.945908 0.273308 0.223293 0.286842 0.435617 0.239310 0.846389 0.094325 0.366859 0.206391 0.611929 0.049773 0.038461 0.069663 0.040179 0.019940 0.723316 0.920828 0.507676 0.321211 0.037318 0.417349 0.961846 0.635940 0.617471 0.375498 0.712271 0.792756 0.961839 0.402931 0.761969 0.894394 0.498220 0.458438 0.301146 0.494850 0.843532 0.283002
0.945182 0.160733 0.509188 0.918607 0.146262 0.535120 0.291523 0.535052 0.513002 0.305970 0.278949 0.768530 0.843349 0.340298 0.884321 0.775540 0.856875 0.487986 0.678155 0.275944 0.895992 0.129310 0.856581 0.591948 0.275512 0.151619 0.029496 0.342390 0.637695 0.973626 0.067528 0.572410 0.072102 0.535062 0.094229 0.873123 0.485218 0.661289 0.450075 0.537569 0.177975 0.968198 0.225257 0.954702 0.405045 0.171288 0.345055 0.883509 0.374156 0.399797 0.475923 0.779614 0.061012 0.877657 0.825943 0.304335 0.548923 0.252578 0.687397 0.763648 0.039377 0.873130 0.300164 0.634308 0.875698 0.836607 0.864588 0.025294 0.889871 0.694478 0.521522 0.065178 0.825900 0.703773 0.296885 0.948819 0.843464 0.710189 0.990338 0.779249 0.768817 0.496647 0.506329 0.338125 0.081303 0.178180 0.796126 0.197509 0.385756 0.951981 0.206664 0.530985 0.384603 0.423734 0.945559 0.957257 0.251204 0.606293 0.579973 0.303245
0.322578 0.731966 0.362184 0.693012 0.543211 0.895472 0.315553 0.602360 0.990113 0.862055 0.752806 0.382354 0.911845 0.047863 0.220574 0.887197 0.841758 0.489607 0.765253 0.034530 0.051679 0.187397 0.137212 0.267372 0.814609 0.863590 0.791048 0.096236 0.859646 0.329276 0.828782 0.074681 0.153748 0.673649 0.580286 0.887546 0.998538 0.544984 0.147216 0.547726 0.603595 0.238707 0.030351 0.696437 0.655942 0.437706 0.776556 0.584764 0.147396 0.967457 0.652010 0.026340 0.930345 0.562479 0.195493 0.554642 0.543579 0.020955 0.835465 0.265925 0.302708 0.655643 0.463813 0.782480 0.658228 0.326372 0.810416 0.255798 0.891198 0.884339 0.544841 0.465580 0.236560 0.691418 0.657383 0.074902 0.581716 0.584336 0.593154 0.421706 0.422839 0.597604 0.260625 0.168482 0.829338 0.424063 0.011376 0.666456 0.911551 0.833557 0.973983 0.962129 0.562963 0.214084 0.280733 0.897801 0.954371 0.783473 0.434397 0.100019
0.399696 0.776372 0.526467 0.352584 0.693546 0.174853 0.150218 0.387338 0.620018 0.581585 0.651458 0.452036 0.062673 0.666317 0.079104 0.136601 0.747454 0.319341 0.561548 0.169144 0.540798 0.622290 0.880210 0.539267 0.547304 0.413941 0.386620 0.995207 0.351791 0.979879 0.202115 0.421487 0.819647 0.581466 0.021257 0.339697 0.155331 0.703332 0.641009 0.991947 0.435788 0.687389 0.500520 0.363963 0.800313 0.581193 0.239717 0.905676 0.929977 0.493074 0.592540 0.009506 0.963250 0.776931 0.850773 0.060113 0.751747 0.890748 0.104279 0.259530 0.130976 0.561201 0.299212 0.751427 0.243636 0.150779 0.062687 0.957805 0.143866 0.771667 0.246541 0.817494 0.967232 0.050791 0.271453 0.441403 0.789815 0.044047 0.192755 0.867010 0.601675 0.240780 0.116606 0.179297 0.252344 0.982565 0.235080 0.405368 0.241848 0.750098 0.691387 0.708238 0.504856 0.512198 0.605544 0.166304 0.849371 0.984959 0.487399 0.535917
0.983231 0.416279 0.917511 0.820664 0.312843 0.857552 0.953804 0.328544 0.601320 0.311123 0.075798 0.359198 0.792077 0.132178 0.766932 0.169812 0.768220 0.928727 0.524632 0.520894 0.473850 0.203629 0.080067 0.535138 0.583016 0.817531 0.127745 0.046462 0.043726 0.600082 0.669389 0.044734 0.171015 0.920812 0.999687 0.742252 0.327366 0.567602 0.439311 0.908644 0.915725 0.750328 0.676766 0.828396 0.326073 0.349691 0.598517 0.192640 0.900119 0.262479 0.631376 0.229923 0.073275 0.803165 0.689355 0.667784 0.397599 0.516937 0.408986 0.870769 0.859150 0.217164 0.238534 0.195603 0.135639 0.453993 0.236894 0.577312 0.434300 0.431470 0.611122 0.479023 0.992604 0.658385 0.697608 0.646886 0.660194 0.615819 0.128192 0.288843 0.540138 0.367066 0.137205 0.234017 0.734185 0.293019 0.033747 0.137729 0.924749 0.777447 0.930395 0.902165 0.750466 0.943360 0.918355 0.280212 0.380531 0.921049 0.975682 0.722307
0.369801 0.770144 0.216455 0.590771 0.843732 0.251875 0.359417 0.023231 0.589988 0.045349 0.669831 0.486796 0.973821 0.424664 0.470938 0.827538 0.669864 0.116214 0.707574 0.034173 0.500919 0.698472 0.320913 0.329305 0.564719 0.485293 0.947940 0.543218 0.798971 0.489380 0.687227 0.841854 0.269576 0.795313 0.671867 0.824180 0.506952 0.658495 0.786336 0.328286 0.372293 0.918674 0.820389 0.769557 0.590254 0.213682 0.990061 0.210542 0.243962 0.992037 0.063929 0.908833 0.370752 0.124083 0.501082 0.437972 0.040942 0.606870 0.551650 0.689460 0.918934 0.869072 0.515940 0.289450 0.912290 0.415878 0.089269 0.415275 0.372981 0.112690 0.162525 0.394176 0.263247 0.972727 0.187930 0.497383 0.848268 0.750573 0.856512 0.051704 0.924786 0.408789 0.095742 0.660666 0.976058 0.835187 0.133677 0.642327 0.384100 0.927682 0.182259 0.329336 0.609759 0.782621 0.021753 0.001693 0.625034 0.856691 0.431900 0.713314
0.242226 0.847001 0.008589 0.253474 0.628001 0.109024 0.970332 0.157324 0.095311 0.704366 0.851525 0.604393 0.362703 0.278731 0.017003 0.056252 0.738583 0.557729 0.949471 0.670688 0.317332 0.886639 0.102122 0.216912 0.532648 0.189594 0.928589 0.889588 0.746474 0.368823 0.435383 0.223697 0.380579 0.175053 0.114815 0.351381 0.160437 0.919374 0.402316 0.475433 0.615918 0.402051 0.754715 0.001569 0.003072 0.122370 0.266142 0.073008 0.224016 0.188419 0.082287 0.729979 0.181644 0.473485 0.713106 0.864142 0.570026 0.287261 0.829233 0.934179 0.940250 0.264009 0.128007 0.476555 0.896214 0.166658 0.754271 0.943554 0.944677 0.221595 0.525747 0.506694 0.057826 0.540107 0.615194 0.751637 0.301205 0.732567 0.857287 0.747858 0.341826 0.470180 0.764940 0.037604 0.085361 0.123773 0.780532 0.077102 0.269847 0.804689 0.117997 0.108509 0.857092 0.834265 0.033265 0.403298 0.886395 0.451782 0.273712 0.910553
0.126288 0.939636 0.990147 0.896808 0.272706 0.414693 0.056249 0.882857 0.900156 0.947226 0.900080 0.645841 0.301324 0.288909 0.899885 0.499500 0.373568 0.805652 0.596608 0.669634 0.005726 0.266714 0.031270 0.922543 0.826861 0.354511 0.875545 0.777457 0.342795 0.846499 0.628701 0.398215 0.282955 0.208295 0.457339 0.280967 0.741648 0.310617 0.939619 0.296119 0.098315 0.291463 0.436568 0.780564 0.594128 0.140668 0.779412 0.309619 0.023900 0.061998 0.130477 0.176212 0.360936 0.286390 0.559376 0.546487 0.259556 0.825959 0.801166 0.944242 0.840712 0.640888 0.237901 0.156434 0.592770 0.137812 0.653804 0.481790 0.677229 0.922316 0.310642 0.282791 0.565587 0.534782 0.123016 0.836585 0.159735 0.622713 0.680235 0.343127 0.511213 0.270937 0.983961 0.054028 0.611733 0.015269 0.411330 0.459393 0.671758 0.060669 0.668772 0.350408 0.989834 0.843669 0.981150 0.435458 0.058632 0.151078 0.837379 0.995416
0.312381 0.194893 0.140717 0.023764 0.215704 0.830429 0.349497 0.251597 0.289860 0.899900 0.235809 0.778580 0.749119 0.159106 0.350060 0.570804 0.584766 0.463522 0.247090 0.237594 0.631498 0.321120 0.462512 0.948314 0.025210 0.903914 0.130041 0.727154 0.968094 0.707966 0.429088 0.257694 0.171082 0.718580 0.649032 0.961518 0.989334 0.316807 0.730640 0.115583 0.327684 0.815717 0.003867 0.141767 0.089457 0.110788 0.856736 0.241366 0.822129 0.350280 0.073409 0.317052 0.957067 0.122973 0.092120 0.059575 0.549306 0.209141 0.319889 0.761600 0.056134 0.675618 0.817010 0.109325 0.793601 0.973805 0.218188 0.586451 0.485449 0.601648 0.024445 0.584898 0.854063 0.648900 0.123054 0.153663 0.976307 0.616674 0.912376 0.033780 0.062639 0.539946 0.899960 0.890324 0.478027 0.700677 0.436691 0.956085 0.348808 0.229306 0.675260 0.566660 0.181982 0.185264 0.900773 0.955140 0.595386 0.100379 0.749028 0.048484
0.316221 0.415448 0.446580 0.857658 0.058260 0.230714 0.709410 0.074365 0.866746 0.363434 0.547229 0.934876 0.379878 0.169712 0.915940 0.388649 0.350894 0.716471 0.899539 0.209209 0.695626 0.860238 0.490462 0.163111 0.892736 0.078445 0.036943 0.327781 0.241708 0.575072 0.012846 0.214338 0.058162 0.967358 0.448521 0.498771 0.730843 0.939695 0.878621 0.919315 0.859215 0.242326 0.664303 0.836840 0.215970 0.611986 0.733898 0.944768 0.575100 0.636892 0.995869 0.514684 0.814176 0.617402 0.721791 0.304670 0.074453 0.073977 0.843737 0.951193 0.347565 0.940979 0.067771 0.344443 0.745046 0.170717 0.851756 0.237010 0.192979 0.822340 0.744459 0.666602 0.844963 0.358643 0.492272 0.609365 0.940988 0.526539 0.900481 0.454434 0.419933 0.335956 0.444246 0.053083 0.589221 0.146486 0.747275 0.992674 0.290800 0.918644 0.867959 0.441119 0.399071 0.218313 0.153024 0.443217 0.424723 0.945300 0.654990 0.611177
0.011625 0.362429 0.882002 0.168952 0.442471 0.788655 0.623990 0.837803 0.114144 0.292320 0.804751 0.842105 0.061393 0.230400 0.060850 0.837930 0.699548 0.321887 0.443652 0.497690 0.335065 0.610121 0.015206 0.687699 0.794971 0.832683 0.250660 0.378933 0.686890 0.882792 0.550863 0.510660 0.325582 0.438105 0.042433 0.409587 0.460056 0.370010 0.268125 0.323161 0.980046 0.036008 0.799128 0.269765 0.710378 0.364294 0.905491 0.019532 0.881195 0.751833 0.942460 0.027777 0.377566 0.258786 0.358517 0.980898 0.654895 0.715249 0.557521 0.812235 0.881592 0.638574 0.656311 0.216987 0.120738 0.710164 0.214859 0.315175 0.653584 0.244791 0.054407 0.819723 0.858290 0.028138 0.232791 0.298880 0.245808 0.332013 0.819094 0.584255 0.066968 0.099509 0.640974 0.923310 0.244672 0.461404 0.897600 0.076051 0.963771 0.903210 0.113558 0.490609 0.743942 0.029723 0.818255 0.557532 0.983826 0.734568 0.694357 0.227000
0.482051 0.259434 0.014965 0.499717 0.455737 0.117732 0.276111 0.736493 0.547213 0.092992 0.219465 0.582516 0.085351 0.051578 0.249137 0.636029 0.260609 0.284309 0.164161 0.302442 0.363618 0.203838 0.388060 0.060060 0.121496 0.839923 0.074200 0.823148 0.038553 0.258079 0.136071 0.305287 0.774026 0.493973 0.768037 0.455810 0.876672 0.993255 0.893179 0.079310 0.807001 0.058751 0.334721 0.390353 0.267937 0.024647 0.096171 0.872754 0.832791 0.401973 0.479040 0.901421 0.478513 0.688877 0.665435 0.056254 0.090243 0.595827 0.725691 0.869872 0.514122 0.772222 0.337750 0.251478 0.251837 0.935933 0.744446 0.889719 0.985624 0.503920 0.145547 0.038210 0.235618 0.713667 0.001494 0.043123 0.458043 0.397613 0.050916 0.608708 0.587344 0.144314 0.484961 0.980169 0.921422 0.145397 0.765818 0.757731 0.505133 0.045010 0.915891 0.583674 0.000166 0.185960 0.972506 0.725887 0.671423 0.697064 0.281633 0.353627
0.491527 0.419575 0.557405 0.291241 0.694313 0.129919 0.840530 0.346481 0.538940 0.999997 0.599777 0.480279 0.213354 0.978330 0.122501 0.269246 0.219760 0.339913 0.635848 0.348782 0.935377 0.738803 0.073861 0.077549 0.365289 0.414408 0.364594 0.008923 0.561564 0.472712 0.568525 0.881545 0.566606 0.615161 0.137526 0.054540 0.747974 0.365831 0.514631 0.550426 0.753017 0.495180 0.991288 0.080327 0.136606 0.095220 0.746455 0.526384 0.760501 0.454385 0.668699 0.376987 0.008493 0.400360 0.565361 0.366932 0.953650 0.319112 0.678854 0.249932 0.275351 0.277815 0.650388 0.885829 0.218078 0.605887 0.546455 0.475764 0.394256 0.256515 0.404334 0.142798 0.535109 0.284090 0.222736 0.856875 0.666319 0.691301 0.538802 0.592469 0.349662 0.581316 0.959942 0.909359 0.970304 0.956310 0.416335 0.013381 0.679990 0.945559 0.417058 0.350355 0.154232 0.825326 0.134851 0.410215 0.297995 0.527791 0.659826 0.321958
0.480254 0.319391 0.609770 0.646739 0.995428 0.501798 0.814785 0.277067 0.863223 0.274262 0.204316 0.588708 0.887012 0.383985 0.908805 0.591558 0.988771 0.816909 0.250289 0.732110 0.767727 0.168160 0.049485 0.837745 0.052492 0.417091 0.550813 0.818707 0.071204 0.918089 0.649123 0.563895 0.305548 0.505332 0.515819 0.632913 0.583588 0.886762 0.871910 0.351804 0.674791 0.089317 0.995072 0.748160 0.856565 0.083403 0.223553 0.002604 0.618147 0.955306 0.092565 0.307033 0.980872 0.153998 0.806032 0.651458 0.772571 0.500544 0.189789 0.622294 0.325217 0.475084 0.992524 0.137698 0.287609 0.060229 0.690023 0.218999 0.287594 0.749033 0.934384 0.595737 0.065583 0.139477 0.646642 0.929437 0.892749 0.997285 0.976855 0.340341 0.481535 0.576809 0.844086 0.272874 0.125122 0.562668 0.290525 0.951644 0.129419 0.725045 0.533399 0.716387 0.290112 0.659993 0.095484 0.903520 0.928138 0.118033 0.790099 0.058670
0.770402 0.548960 0.115748 0.339408 0.129553 0.265314 0.934532 0.990815 0.656198 0.173150 0.693472 0.380591 0.400264 0.764520 0.178818 0.805421 0.718126 0.332512 0.363504 0.809512 0.398335 0.683944 0.404102 0.256787 0.437425 0.454873 0.275766 0.813896 0.594466 0.913509 0.461680 0.710927 0.463723 0.725313 0.504948 0.156968 0.629804 0.417717 0.291281 0.111995 0.613289 0.612314 0.659715 0.215450 0.496436 0.308179 0.399909 0.849070 0.543842 0.719332 0.416434 0.299617 0.881623 0.084415 0.861723 0.808025 0.033459 0.305222 0.161687 0.585265 0.502471 0.251613 0.576809 0.690109 0.303417 0.393867 0.869443 0.747957 0.467177 0.731060 0.301729 0.066189 0.438816 0.518239 0.328795 0.257486 0.961691 0.080340 0.500215 0.636265 0.740663 0.283251 0.760710 0.083052 0.841841 0.466676 0.308368 0.243289 0.619485 0.109329 0.495555 0.514836 0.797184 0.952022 0.475225 0.931029 0.323981 0.162025 0.578984 0.862453
0.397029 0.468348 0.277881 0.225919 0.442167 0.743626 0.243761 0.044893 0.918826 0.568401 0.642115 0.081460 0.115080 0.407331 0.816996 0.513143 0.884892 0.458101 0.298011 0.752278 0.485656 0.271408 0.407894 0.699488 0.966059 0.282649 0.710165 0.382045 0.189861 0.462202 0.860517 0.149955 0.117782 0.626713 0.812842 0.997312 0.633545 0.049493 0.590555 0.353104 0.233078 0.161430 0.824921 0.675224 0.109630 0.821330 0.599459 0.207821 0.474292 0.284307 0.002378 0.436081 0.543136 0.325155 0.915443 0.568262 0.977917 0.748050 0.219175 0.691360 0.784172 0.985103 0.209255 0.145157 0.095942 0.161718 0.904746 0.483021 0.759152 0.598266 0.985194 0.365427 0.532143 0.578886 0.043881 0.333189 0.422201 0.680126 0.886242 0.026448 0.206638 0.170180 0.631828 0.477038 0.504332 0.906227 0.006781 0.670632 0.049989 0.659498 0.774851 0.454282 0.583358 0.688328 0.935645 0.512295 0.919026 0.051419 0.578396 0.009673
0.489907 0.817217 0.446512 0.016394 0.242885 0.289724 0.909643 0.962393 0.920061 0.321214 0.936826 0.052049 0.542506 0.332596 0.892135 0.923855 0.508069 0.100839 0.937062 0.282226 0.526296 0.284884 0.445536 0.686417 0.599527 0.604756 0.987695 0.338609 0.853614 0.284711 0.916874 0.624903 0.281691 0.554118 0.292090 0.270358 0.146792 0.703744 0.201188 0.417279 0.177890 0.831684 0.258759 0.527262 0.815194 0.050833 0.328393 0.699496 0.250499 0.395453 0.003032 0.709364 0.867668 0.520762 0.248078 0.446649 0.192146 0.760509 0.536994 0.329241 0.418502 0.780898 0.618325 0.917770 0.588371 0.893616 0.766072 0.210196 0.363344 0.973917 0.431977 0.638457 0.174444 0.728688 0.947886 0.034748 0.954064 0.109825 0.910768 0.629601 0.554503 0.404422 0.574783 0.093255 0.603868 0.032669 0.702666 0.535416 0.812191 0.341673 0.595126 0.568903 0.988139 0.880092 0.681893 0.758747 0.289577 0.454987 0.041139 0.759464
0.230764 0.260458 0.720029 0.834919 0.765608 0.731562 0.173504 0.986919 0.745880 0.699847 0.566410 0.476570 0.138308 0.137783 0.944827 0.413678 0.580318 0.467785 0.308092 0.170080 0.783148 0.853359 0.805780 0.289395 0.885769 0.221420 0.799795 0.247604 0.047776 0.696450 0.060673 0.752212 0.592833 0.314675 0.921188 0.005424 0.871913 0.325142 0.891758 0.532224 0.289235 0.367302 0.890616 0.956067 0.464151 0.769232 0.463210 0.836125 0.877816 0.107070 0.470450 0.121440 0.220145 0.125369 0.952267 0.789066 0.608296 0.241355 0.635086 0.701838 0.823398 0.418255 0.107050 0.933064 0.369340 0.014850 0.706165 0.687984 0.661895 0.492177 0.925172 0.977824 0.651310 0.532787 0.204745 0.923620 0.895538 0.009878 0.385601 0.636096 0.777304 0.712190 0.926023 0.279801 0.485874 0.897621 0.868734 0.265307 0.880550 0.861192 0.373614 0.217953 0.933633 0.451705 0.773795 0.890652 0.950872 0.482672 0.685161 0.784264
0.169846 0.371035 0.197393 0.887214 0.248238 0.479524 0.033227 0.212764 0.391920 0.037265 0.079259 0.291203 0.931341 0.169211 0.077032 0.286690 0.261651 0.319979 0.503815 0.667788 0.642243 0.629195 0.918747 0.198758 0.303704 0.863356 0.150845 0.011854 0.024145 0.411986 0.337712 0.959471 0.064689 0.314168 0.651583 0.713085 0.586106 0.417454 0.807379 0.003049 0.889870 0.833280 0.156492 0.555014 0.003797 0.070736 0.642693 0.783855 0.270662 0.404033 0.351889 0.303198 0.510676 0.552635 0.456476 0.614786 0.390058 0.529665 0.184445 0.565901 0.838558 0.251794 0.112305 0.396264 0.593584 0.223715 0.960570 0.909053 0.257505 0.856306 0.140574 0.930729 0.611162 0.288425 0.556919 0.252195 0.337095 0.789970 0.879866 0.684217 0.241941 0.939559 0.186908 0.001853 0.254874 0.990906 0.897920 0.433939 0.106843 0.719884 0.304365 0.873509 0.816607 0.247511 0.542596 0.826084 0.929101 0.161275 0.281362 0.209602
0.133498 0.922735 0.376449 0.452014 0.977340 0.763237 0.653586 0.048418 0.611884 0.192646 0.158374 0.667125 0.846261 0.003751 0.602808 0.183949 0.145929 0.453577 0.999252 0.807060 0.355322 0.071094 0.992768 0.750586 0.477667 0.894303 0.339265 0.815893 0.070917 0.979301 0.889941 0.513162 0.347843 0.408666 0.365745 0.441861 0.314306 0.323698 0.252756 0.019424 0.936973 0.853997 0.650904 0.831700 0.624175 0.230296 0.040532 0.336562 0.138539 0.617253 0.107875 0.574289 0.339393 0.423897 0.744179 0.701873 0.131100 0.847849 0.459487 0.208987 0.007137 0.289495 0.175259 0.802459 0.615245 0.575539 0.682828 0.539155 0.665563 0.776513 0.036421 0.848312 0.591195 0.085216 0.481370 0.831231 0.467807 0.995706 0.702628 0.260825 0.176934 0.159866 0.478569 0.077766 0.484199 0.118547 0.425897 0.696462 0.473405 0.354390 0.755734 0.600115 0.286771 0.275844 0.812186 0.995113 0.786138 0.866265 0.900654 0.945344
0.280027 0.283916 0.553548 0.685711 0.062684 0.980201 0.535190 0.492492 0.675833 0.496185 0.308615 0.749803 0.589183 0.696246 0.321701 0.035506 0.656946 0.284379 0.930267 0.509470 0.456234 0.679268 0.589034 0.223060 0.881386 0.123600 0.133571 0.333929 0.178032 0.874226 0.330407 0.885474 0.076686 0.000677 0.035422 0.897119 0.759158 0.293003 0.882148 0.741032 0.203676 0.114401 0.693356 0.474862 0.345843 0.751991 0.524586 0.837860 0.158106 0.329232 0.246440 0.496009 0.322280 0.969663 0.227775 0.878762 0.748060 0.663246 0.309412 0.081919 0.634208 0.402584 0.778543 0.204229 0.675056 0.573534 0.466583 0.401728 0.333253 0.516215 0.429500 0.908355 0.901534 0.901220 0.944768 0.495279 0.964922 0.593305 0.560411 0.263129 0.347451 0.173232 0.605584 0.637547 0.979551 0.778004 0.060028 0.591344 0.544856 0.541534 0.390313 0.780414 0.122813 0.026486 0.761342 0.380143 0.990514 0.848369 0.453946 0.978668
0.753614 0.560009 0.538577 0.153779 0.467324 0.752884 0.602160 0.844895 0.721840 0.776536 0.674271 0.429288 0.013044 0.464380 0.233175 0.453691 0.575897 0.073242 0.152280 0.227822 0.550321 0.092724 0.213187 0.606593 0.603967 0.111554 0.011040 0.353063 0.919088 0.255114 0.299548 0.878727 0.612749 0.085566 0.113343 0.726734 0.995992 0.531889 0.699142 0.415843 0.185945 0.506050 0.917376 0.563022 0.138933 0.057036 0.138968 0.895426 0.252785 0.467466 0.918050 0.778052 0.945511 0.801957 0.646544 0.052082 0.569099 0.609450 0.886301 0.601408 0.547676 0.760183 0.693641 0.310423 0.397653 0.684713 0.185352 0.978860 0.060521 0.601364 0.207376 0.405408 0.492122 0.636212 0.054882 0.218512 0.997282 0.842114 0.940520 0.764598 0.011824 0.245561 0.283369 0.740581 0.615125 0.797976 0.477706 0.335728 0.198217 0.560680 0.929472 0.731062 0.812041 0.333604 0.297402 0.614806 0.276997 0.881978 0.448226 0.666860
0.900614 0.192786 0.818913 0.529768 0.846591 0.314085 0.004368 0.147251 0.142116 0.352610 0.111425 0.859357 0.745759 0.233119 0.041562 0.879426 0.882797 0.246977 0.451089 0.076761 0.048848 0.284887 0.517724 0.410053 0.903675 0.003556 0.881940 0.541032 0.059276 0.668206 0.903062 0.132108 0.024403 0.263199 0.015761 0.351565 0.472873 0.745544 0.252251 0.029628 0.660284 0.694023 0.719993 0.812760 0.337235 0.079788 0.980680 0.192070 0.253352 0.945283 0.966539 0.863708 0.425046 0.960019 0.395930 0.336036 0.593931 0.454842 0.298665 0.635099 0.836194 0.545473 0.198136 0.074872 0.266473 0.048470 0.100447 0.130012 0.116412 0.439350 0.100652 0.096375 0.207851 0.742506 0.482770 0.040330 0.765690 0.511602 0.589289 0.850793 0.501158 0.603611 0.793039 0.016194 0.979615 0.602315 0.546816 0.292188 0.311556 0.336162 0.619700 0.336957 0.823362 0.268786 0.963398 0.344670 0.940264 0.496285 0.461769 0.980588
0.577449 0.766291 0.483275 0.482689 0.439346 0.669796 0.431683 0.679682 0.783622 0.428098 0.301014 0.915251 0.934390 0.207220 0.112164 0.745634 0.720119 0.635995 0.396001 0.213097 0.100720 0.083164 0.812769 0.184691 0.253312 0.552006 0.816265 0.361710 0.888543 0.608847 0.042480 0.358059 0.488120 0.815405 0.365618 0.172124 0.174554 0.240446 0.847134 0.577104 0.773801 0.435407 0.190789 0.558455 0.650087 0.029766 0.663972 0.812292 0.483840 0.733899 0.935841 0.874001 0.816937 0.621223 0.288683 0.563769 0.761862 0.984185 0.245121 0.634949 0.415498 0.185350 0.608531 0.464396 0.427367 0.284429 0.305315 0.702580 0.279412 0.208366 0.442990 0.454802 0.811492 0.978349 0.462663 0.198392 0.568349 0.926552 0.094000 0.349077 0.396606 0.176471 0.450505 0.983001 0.296679 0.142215 0.616768 0.491030 0.466741 0.717037 0.597691 0.382281 0.355300 0.466784 0.865421 0.090593 0.481331 0.022107 0.727763 0.145879
0.035823 0.922282 0.081163 0.717234 0.655465 0.085830 0.646353 0.337218 0.388640 0.408348 0.939685 0.242847 0.647277 0.520439 0.287909 0.572942 0.440509 0.956257 0.274506 0.479737 0.199579 0.720617 0.738885 0.848743 0.684828 0.619100 0.174445 0.185620 0.740063 0.184449 0.293706 0.546624 0.526966 0.991387 0.584394 0.441676 0.052715 0.368276 0.629575 0.591716 0.445105 0.366883 0.481060 0.241029 0.334947 0.706751 0.485468 0.859037 0.002378 0.299814 0.444350 0.855507 0.417982 0.101050 0.880542 0.167105 0.161144 0.246112 0.570382 0.399793 0.426975 0.202727 0.331331 0.527036 0.274425 0.860649 0.652661 0.772304 0.705080 0.520756 0.366884 0.774223 0.731113 0.280238 0.641193 0.363325 0.424972 0.202599 0.068496 0.966989 0.693878 0.560466 0.160619 0.883598 0.572030 0.749499 0.682536 0.981165 0.389709 0.058464 0.884035 0.881669 0.526357 0.162257 0.433745 0.013610 0.907256 0.046109 0.131782 0.761638
0.727832 0.535833 0.172508 0.695720 0.269623 0.873882 0.877221 0.353971 0.246543 0.427073 0.265955 0.961365 0.952623 0.562993 0.846193 0.418571 0.516478 0.797421 0.273027 0.624092 0.905183 0.979736 0.836754 0.111217 0.358197 0.055030 0.894583 0.648058 0.848561 0.670118 0.162942 0.768926 0.319270 0.544906 0.490749 0.920201 0.002627 0.047395 0.960630 0.301512 0.724275 0.609387 0.158323 0.584987 0.200534 0.309697 0.436829 0.808456 0.944216 0.371137 0.507107 0.742909 0.929205 0.607184 0.673825 0.174918 0.201159 0.779847 0.912859 0.458586 0.051508 0.994109 0.398502 0.803150 0.726123 0.482430 0.651777 0.492749 0.105101 0.839656 0.991052 0.252810 0.264593 0.794300 0.156601 0.412020 0.008343 0.931854 0.484417 0.588358 0.316802 0.086557 0.362233 0.968350 0.658613 0.417393 0.875046 0.465388 0.622064 0.836468 0.336043 0.624291 0.881513 0.705429 0.317262 0.707581 0.916648 0.472188 0.320549 0.482441
0.237382 0.056912 0.149655 0.735812 0.868268 0.419458 0.338929 0.557142 0.002372 0.852502 0.872993 0.616792 0.560903 0.457967 0.152995 0.579861 0.353312 0.032286 0.909133 0.830193 0.811110 0.479467 0.831699 0.926109 0.957585 0.738894 0.129467 0.713156 0.501902 0.951387 0.494035 0.354225 0.253448 0.445226 0.934461 0.311600 0.020725 0.842893 0.268996 0.917943 0.316791 0.349713 0.657538 0.441243 0.905648 0.834005 0.559302 0.067948 0.258814 0.738220 0.863342 0.491860 0.127585 0.735541 0.931555 0.230450 0.822898 0.586012 0.935309 0.653975 0.579888 0.794306 0.733182 0.169670 0.898921 0.454880 0.382351 0.845375 0.302807 0.895402 0.833610 0.705236 0.680631 0.592955 0.811452 0.504819 0.637833 0.662794 0.076345 0.466897 0.325649 0.073417 0.510718 0.132555 0.057076 0.311376 0.681441 0.305952 0.087608 0.209967 0.472257 0.954271 0.599422 0.899516 0.021235 0.993379 0.642796 0.396570 0.347984 0.167866
0.823230 0.300125 0.898913 0.055714 0.475986 0.542934 0.352728 0.340286 0.215990 0.137708 0.431649 0.010190 0.680473 0.550511 0.310645 0.785922 0.592810 0.331401 0.823761 0.512308 0.678942 0.287870 0.735809 0.738912 0.190192 0.331859 0.695026 0.636025 0.833944 0.795998 0.166093 0.042539 0.462637 0.851033 0.257579 0.459149 0.083292 0.380030 0.191104 0.967624 0.927026 0.685853 0.836020 0.081512 0.213364 0.841601 0.037111 0.957804 0.165845 0.836312 0.304466 0.224343 0.284060 0.480872 0.533388 0.555139 0.734462 0.390790 0.228320 0.626088 0.477492 0.304147 0.689921 0.051390 0.840731 0.738925 0.209925 0.771630 0.579517 0.699392 0.081965 0.171398 0.869466 0.046541 0.219683 0.528339 0.824099 0.381867 0.598656 0.097216 0.159068 0.342709 0.870196 0.613006 0.158680 0.584460 0.955809 0.466886 0.311761 0.428413 0.620153 0.336404 0.241425 0.687744 0.971525 0.505863 0.290484 0.815066 0.435939 0.572376
0.941439 0.685688 0.454133 0.090891 0.220579 0.505262 0.358345 0.398694 0.236749 0.398842 0.597142 0.611513 0.343445 0.616321 0.165760 0.514231 0.908052 0.631434 0.107744 0.567906 0.119480 0.169277 0.091696 0.906502 0.927559 0.328168 0.582849 0.368845 0.930036 0.166326 0.294554 0.228974 0.826051 0.305452 0.496815 0.260753 0.552428 0.806088 0.285137 0.786669 0.350051 0.713222 0.399358 0.290897 0.193847 0.604462 0.465689 0.715822 0.645064 0.178286 0.192546 0.998896 0.089965 0.635691 0.087625 0.046884 0.191017 0.247912 0.705353 0.545949 0.449831 0.477944 0.805741 0.118175 0.483400 0.662480 0.583100 0.323502 0.236918 0.124191 0.204833 0.107995 0.807821 0.122819 0.351897 0.308647 0.143508 0.649605 0.071736 0.751517 0.561429 0.410493 0.002723 0.248488 0.614128 0.149805 0.869596 0.039159 0.816080 0.910149 0.614129 0.596725 0.939010 0.950410 0.681688 0.387284 0.460045 0.191249 0.937547 0.859802
0.280336 0.306047 0.219773 0.654841 0.332507 0.535515 0.882461 0.870054 0.471182 0.896327 0.649013 0.499928 0.422817 0.789377 0.902473 0.759373 0.553110 0.523005 0.953759 0.332365 0.649247 0.914160 0.301184 0.338902 0.893616 0.800882 0.090750 0.159938 0.993887 0.769685 0.066046 0.493046 0.043105 0.557694 0.959673 0.398351 0.989929 0.275164 0.424693 0.342719 0.226437 0.616058 0.627839 0.381865 0.873186 0.406671 0.039574 0.687873 0.044694 0.864552 0.160864 0.353365 0.905262 0.145632 0.342682 0.373026 0.443714 0.423363 0.565664 0.905729 0.362507 0.402646 0.220047 0.175795 0.897849 0.838286 0.390391 0.257716 0.132431 0.378293 0.575981 0.715944 0.380432 0.892620 0.201160 0.000598 0.560215 0.418903 0.480081 0.587609 0.710325 0.884801 0.270826 0.295731 0.590738 0.250127 0.003361 0.805899 0.084599 0.185226 0.792371 0.485380 0.641677 0.912924 0.658336 0.221843 0.376422 0.300631 0.570942 0.768769
0.797724 0.580223 0.279939 0.041754 0.028725 0.469516 0.507021 0.963602 0.621519 0.355200 0.999434 0.305251 0.165815 0.467934 0.247606 0.798069 0.084705 0.676950 0.566719 0.576302 0.597481 0.716086 0.040089 0.187428 0.418055 0.614591 0.420061 0.696635 0.760995 0.768427 0.692079 0.606496 0.895123 0.064876 0.306591 0.639572 0.678915 0.365031 0.993363 0.657942 0.107420 0.900229 0.557144 0.280035 0.947078 0.691331 0.192888 0.448084 0.789490 0.467803 0.332806 0.959858 0.375733 0.369690 0.392048 0.013683 0.038673 0.246589 0.084731 0.065228 0.744959 0.069079 0.479943 0.104921 0.130375 0.534408 0.384004 0.237243 0.380473 0.579232 0.056928 0.884711 0.876110 0.720534 0.513264 0.347793 0.629311 0.834958 0.993190 0.596694 0.505110 0.236101 0.759942 0.767023 0.045968 0.284884 0.918978 0.301538 0.266311 0.820495 0.048978 0.605365 0.890675 0.502011 0.512082 0.467879 0.921569 0.882790 0.133112 0.284596
0.604216 0.786552 0.713380 0.430067 0.025510 0.535430 0.069093 0.348061 0.482514 0.850966 0.233014 0.553399 0.754389 0.893831 0.624293 0.729903 0.284843 0.783385 0.203911 0.230517 0.557079 0.342951 0.760372 0.533256 0.943741 0.813924 0.981086 0.900928 0.910623 0.615185 0.876676 0.361270 0.235437 0.615990 0.467547 0.245718 0.501265 0.142136 0.335369 0.245911 0.472005 0.802151 0.208127 0.667065 0.838347 0.036605 0.761624 0.832030 0.736041 0.354520 0.793674 0.453330 0.655405 0.759464 0.550176 0.166105 0.891670 0.749220 0.306712 0.558605 0.071200 0.878272 0.445579 0.213872 0.207806 0.623637 0.498070 0.373223 0.303656 0.669259 0.122945 0.182609 0.047725 0.587358 0.247461 0.962210 0.289916 0.684051 0.396336 0.546700 0.938501 0.650935 0.043587 0.088788 0.083114 0.484536 0.949067 0.578659 0.572889 0.884645 0.227472 0.117293 0.640070 0.731863 0.632097 0.914309 0.151201 0.552707 0.768354 0.759963
0.182623 0.189569 0.856433 0.941700 0.919338 0.329377 0.228182 0.578844 0.434181 0.952793 0.924027 0.108065 0.368899 0.518410 0.380851 0.737028 0.058389 0.139273 0.264842 0.959319 0.102098 0.945699 0.393671 0.086593 0.945411 0.463212 0.972309 0.381880 0.565187 0.259904 0.837485 0.489786 0.333077 0.049153 0.360625 0.388844 0.619065 0.238880 0.017044 0.116193 0.856756 0.461161 0.040170 0.220979 0.617505 0.565699 0.737339 0.470451 0.085535 0.111659 0.712672 0.016386 0.985951 0.625527 0.337801 0.108410 0.035989 0.131772 0.707025 0.150012 0.074036 0.117046 0.513394 0.715259 0.351865 0.613637 0.344971 0.280593 0.735568 0.373574 0.708938 0.762609 0.455148 0.447942 0.916940 0.775684 0.635220 0.839866 0.375600 0.683169 0.750370 0.485221 0.138577 0.879215 0.966723 0.643718 0.614601 0.362419 0.686117 0.535161 0.388862 0.702331 0.669361 0.096464 0.221729 0.515510 0.261243 0.565924 0.441314 0.073121
0.900376 0.013380 0.316972 0.387639 0.840164 0.056740 0.025911 0.333096 0.728474 0.819282 0.940854 0.877792 0.733662 0.559357 0.273881 0.196028 0.140083 0.473181 0.611354 0.174445 0.268959 0.157946 0.615731 0.440419 0.118293 0.400486 0.884403 0.982899 0.330225 0.042788 0.687458 0.948097 0.442203 0.177543 0.617505 0.730360 0.071435 0.267824 0.200022 0.489423 0.460370 0.794215 0.293365 0.607342 0.930216 0.247803 0.546705 0.007772 0.437626 0.844430 0.848447 0.832387 0.500914 0.003659 0.319426 0.193785 0.092354 0.724951 0.195217 0.317821 0.193204 0.476021 0.100532 0.806604 0.010233 0.921893 0.236107 0.596766 0.121484 0.435926 0.888858 0.351360 0.420822 0.971799 0.982786 0.676508 0.399617 0.083474 0.717493 0.754336 0.893509 0.182840 0.314946 0.425494 0.352121 0.945518 0.692794 0.708756 0.024575 0.050553 0.627084 0.851282 0.400407 0.548497 0.671648 0.928686 0.214518 0.841742 0.761278 0.222965
0.379084 0.524023 0.632666 0.137461 0.665925 0.524817 0.625523 0.405689 0.567470 0.927667 0.200358 0.949900 0.853393 0.301437 0.387732 0.514645 0.165788 0.939400 0.319644 0.625862 0.383958 0.702704 0.008042 0.062565 0.155156 0.634515 0.560961 0.211009 0.230869 0.686957 0.425114 0.525838 0.463056 0.171587 0.220661 0.772358 0.228920 0.974412 0.372757 0.627213 0.840438 0.692215 0.354571 0.823394 0.346738 0.663896 0.812294 0.300199 0.564910 0.461587 0.718364 0.522828 0.796340 0.951449 0.575444 0.169574 0.468453 0.109959 0.194144 0.851560 0.675733 0.255562 0.373369 0.914813 0.728823 0.083641 0.492543 0.669620 0.305537 0.356835 0.911791 0.138948 0.607288 0.178515 0.282636 0.361167 0.719332 0.497161 0.534711 0.323774 0.335219 0.535007 0.271261 0.468644 0.295340 0.258716 0.565089 0.643149 0.390102 0.558399 0.985590 0.823029 0.629004 0.593683 0.857429 0.894465 0.985000 0.933652 0.890452 0.858086
0.182827 0.656533 0.371772 0.470215 0.215649 0.591475 0.242923 0.615763 0.081925 0.559189 0.167600 0.852616 0.156923 0.202795 0.122788 0.566497 0.178191 0.633767 0.998209 0.042094 0.210448 0.055530 0.949656 0.646537 0.272676 0.688710 0.123973 0.037708 0.423643 0.421417 0.526307 0.888364 0.127504 0.804215 0.736904 0.029084 0.541651 0.377121 0.636562 0.614226 0.565132 0.509888 0.328757 0.685051 0.515195 0.354496 0.543072 0.955191 0.102174 0.363372 0.932061 0.410144 0.292269 0.893145 0.159888 0.255433 0.367617 0.776623 0.038004 0.186012 0.683897 0.782833 0.466828 0.119700 0.617251 0.438030 0.494125 0.587395 0.814392 0.838984 0.440745 0.078395 0.486283 0.698708 0.853114 0.184135 0.172827 0.839490 0.456483 0.057454 0.885560 0.929025 0.610708 0.219093 0.920496 0.359777 0.942531 0.775634 0.566116 0.424531 0.956718 0.806548 0.576875 0.750166 0.697955 0.364856 0.941748 0.925959 0.941423 0.493589
0.292953 0.311087 0.728086 0.285788 0.276536 0.448855 0.676948 0.311197 0.230583 0.992011 0.684259 0.489826 0.907767 0.854725 0.821445 0.380332 0.879656 0.397431 0.898519 0.165257 0.178450 0.113727 0.425120 0.939002 0.459874 0.042892 0.109306 0.660961 0.128802 0.616362 0.380477 0.114130 0.452511 0.896801 0.394967 0.305201 0.720375 0.604501 0.517291 0.505401 0.170380 0.721665 0.235054 0.669409 0.915329 0.033420 0.663873 0.693680 0.721123 0.580065 0.398410 0.867368 0.460686 0.266563 0.148071 0.043587 0.321987 0.774963 0.454806 0.889568 0.819783 0.617287 0.339875 0.535928 0.332445 0.329429 0.694639 0.072066 0.037947 0.658005 0.553333 0.324475 0.680666 0.280453 0.081521 0.452702 0.950300 0.115403 0.273843 0.942995 0.737648 0.288721 0.251938 0.350803 0.436086 0.715526 0.940018 0.919675 0.622876 0.649702 0.238993 0.332389 0.531998 0.825341 0.123871 0.243687 0.847711 0.894874 0.147396 0.898262
0.842452 0.964257 0.328645 0.188459 0.095649 0.802844 0.751030 0.208887 0.790392 0.294416 0.037169 0.461442 0.102067 0.704784 0.990986 0.761796 0.057508 0.182184 0.311444 0.800473 0.003919 0.321825 0.760203 0.114929 0.443694 0.319367 0.479756 0.221367 0.005490 0.895428 0.813958 0.752047 0.319427 0.943767 0.276729 0.422949 0.181403 0.491363 0.464449 0.638134 0.126191 0.811405 0.780711 0.200390 0.155080 0.140449 0.536634 0.713070 0.501203 0.591965 0.121194 0.082374 0.884452 0.693820 0.895265 0.792020 0.671542 0.008380 0.087715 0.083043 0.051163 0.702512 0.059384 0.391627 0.530966 0.613652 0.527120 0.346145 0.446397 0.046244 0.578281 0.186526 0.868849 0.306282 0.142361 0.830140 0.411625 0.577348 0.059616 0.344879 0.600220 0.519393 0.356867 0.666822 0.913030 0.710413 0.398770 0.586909 0.794499 0.306708 0.441759 0.923050 0.954924 0.020084 0.886749 0.640972 0.010793 0.457577 0.225468 0.191462
0.444405 0.008829 0.304354 0.561080 0.703094 0.784215 0.195923 0.983482 0.890452 0.496804 0.063532 0.366875 0.935252 0.205879 0.173327 0.417983 0.153501 0.312772 0.168988 0.996625 0.500022 0.339500 0.009149 0.293749 0.844662 0.746923 0.621233 0.862498 0.881187 0.466823 0.088164 0.123590 0.840088 0.540428 0.301816 0.286227 0.704740 0.592309 0.190575 0.796014 0.348914 0.719617 0.583590 0.365244 0.766204 0.609951 0.013477 0.913472 0.401202 0.281185 0.153769 0.317674 0.468379 0.792394 0.012000 0.240861 0.394932 0.909515 0.164640 0.432176 0.906629 0.076486 0.759170 0.057817 0.082105 0.592931 0.531467 0.890847 0.217453 0.319451 0.874097 0.085023 0.016904 0.358453 0.037607 0.216708 0.954804 0.761476 0.911356 0.783192 0.110336 0.653776 0.121366 0.920727 0.021038 0.091870 0.728016 0.841598 0.338203 0.339105 0.946441 0.088401 0.437833 0.791854 0.793138 0.153275 0.313801 0.489110 0.757300 0.202285
0.405336 0.836665 0.101670 0.759510 0.229753 0.826180 0.926887 0.325676 0.039366 0.077142 0.367691 0.127648 0.482781 0.153216 0.849060 0.725625 0.626241 0.451735 0.038283 0.303528 0.893788 0.864908 0.424897 0.514169 0.892942 0.652645 0.384310 0.672778 0.872610 0.275948 0.399274 0.130664 0.486485 0.566828 0.940969 0.391865 0.757384 0.990266 0.088720 0.382512 0.881623 0.454165 0.095813 0.006929 0.921733 0.084525 0.039386 0.972090 0.518495 0.329614 0.612251 0.645461 0.573451 0.827406 0.196428 0.884224 0.504430 0.729122 0.216575 0.049638 0.314717 0.262886 0.375622 0.346735 0.338231 0.154960 0.535360 0.622087 0.392827 0.517827 0.407486 0.970129 0.009550 0.508124 0.987248 0.275032 0.460600 0.004252 0.369977 0.053587 0.483838 0.693850 0.349653 0.466483 0.001845 0.611402 0.010752 0.848590 0.626584 0.989806 0.857222 0.151474 0.541648 0.192386 0.845530 0.553360 0.319159 0.693723 0.234849 0.641232
0.312901 0.365992 0.401939 0.906635 0.459942 0.503765 0.565434 0.589279 0.920349 0.192196 0.485911 0.105290 0.257794 0.831601 0.640550 0.168287 0.325012 0.914478 0.584700 0.157542 0.584215 0.907654 0.666835 0.874066 0.049676 0.420025 0.852176 0.941699 0.458233 0.752605 0.014775 0.278723 0.950386 0.348337 0.415874 0.532868 0.710369 0.850326 0.444282 0.267218 0.802524 0.771093 0.245466 0.559814 0.696917 0.139966 0.025798 0.862957 0.921465 0.824675 0.665633 0.440811 0.802892 0.166458 0.345247 0.997002 0.534754 0.951765 0.570216 0.609660 0.842715 0.281786 0.621911 0.438997 0.219260 0.916480 0.076120 0.174275 0.770325 0.915303 0.228594 0.864545 0.719216 0.407148 0.060496 0.084859 0.200271 0.375755 0.997059 0.372637 0.604836 0.730328 0.321545 0.544881 0.454685 0.551913 0.638691 0.579550 0.708852 0.227821 0.078160 0.129104 0.510424 0.392145 0.366782 0.774538 0.567184 0.138071 0.210617 0.561377
0.635938 0.075960 0.320657 0.058576 0.144023 0.676272 0.666735 0.623431 0.066246 0.777399 0.362456 0.527240 0.603942 0.546884 0.793624 0.246444 0.719675 0.502025 0.370164 0.262790 0.507305 0.570975 0.172858 0.798247 0.818650 0.975234 0.129310 0.157925 0.581544 0.987284 0.435955 0.294901 0.813008 0.685846 0.508143 0.395308 0.111597 0.196086 0.457737 0.929327 0.024904 0.166544 0.376743 0.974093 0.060463 0.313207 0.132692 0.087501 0.243037 0.747181 0.011931 0.347429 0.973086 0.190433 0.767534 0.986732 0.032202 0.707056 0.801465 0.912758 0.609295 0.963256 0.850283 0.100949 0.138109 0.460254 0.940762 0.734526 0.089544 0.829048 0.488825 0.196431 0.924793 0.348246 0.922912 0.334342 0.082901 0.861395 0.808787 0.835106 0.744366 0.771511 0.244876 0.863307 0.156875 0.845169 0.067539 0.279653 0.782395 0.776669 0.470773 0.775664 0.685344 0.483865 0.646323 0.270626 0.150971 0.682031 0.126900 0.110615
0.398745 0.843027 0.555534 0.151835 0.828127 0.883372 0.176323 0.722802 0.725982 0.569974 0.874499 0.541046 0.356291 0.184722 0.940035 0.738041 0.240760 0.555381 0.567968 0.005024 0.902809 0.584930 0.587060 0.784694 0.877775 0.652650 0.258505 0.321145 0.482116 0.023204 0.022992 0.308500 0.515864 0.139936 0.078150 0.458958 0.726618 0.301413 0.360928 0.542285 0.674849 0.175079 0.270416 0.227972 0.450323 0.425807 0.809121 0.470907 0.875614 0.237283 0.815643 0.700145 0.487881 0.937349 0.049545 0.856168 0.238309 0.930397 0.555785 0.701029 0.572191 0.689573 0.907833 0.995405 0.994017 0.928691 0.970843 0.156120 0.062720 0.871667 0.493451 0.643449 0.202116 0.659966 0.578945 0.887722 0.400868 0.567518 0.225828 0.741332 0.216491 0.574313 0.572086 0.978043 0.171792 0.758674 0.329172 0.853641 0.894396 0.523238 0.983811 0.338731 0.967598 0.817286 0.121444 0.155884 0.544754 0.993854 0.040603 0.036358
0.568015 0.928152 0.384950 0.317649 0.662131 0.955646 0.533329 0.716794 0.902275 0.175707 0.385507 0.862278 0.477850 0.517891 0.034854 0.699060 0.378143 0.158192 0.592648 0.095614 0.895481 0.532978 0.471243 0.975705 0.068037 0.561331 0.280585 0.982732 0.867241 0.065234 0.629728 0.233135 0.187937 0.498125 0.598369 0.344900 0.805414 0.018219 0.124096 0.838590 0.846667 0.074984 0.508381 0.968436 0.041794 0.906156 0.912512 0.108315 0.028977 0.188589 0.827969 0.886501 0.479450 0.334847 0.771360 0.987590 0.826088 0.734250 0.789790 0.882668 0.867340 0.250138 0.434918 0.254815 0.188770 0.781623 0.883407 0.885219 0.332190 0.304920 0.197592 0.907019 0.829315 0.801869 0.623930 0.277317 0.277908 0.319823 0.461921 0.517437 0.076315 0.056727 0.193540 0.570969 0.396904 0.561259 0.984783 0.694046 0.700621 0.029155 0.868485 0.919271 0.409310 0.715817 0.553127 0.727333 0.944301 0.069005 0.343358 0.873194
0.535712 0.373163 0.552451 0.391560 0.662334 0.636533 0.091105 0.182044 0.907844 0.240345 0.295058 0.116873 0.486110 0.636090 0.311507 0.046848 0.339165 0.279413 0.815602 0.729378 0.741372 0.923274 0.562985 0.436682 0.839530 0.272936 0.427096 0.574759 0.514143 0.305873 0.150069 0.930848 0.958981 0.081473 0.436097 0.037784 0.698498 0.921527 0.841961 0.845341 0.689361 0.327947 0.615844 0.011084 0.507571 0.431080 0.913073 0.388563 0.502123 0.493140 0.659689 0.004562 0.821918 0.962634 0.335887 0.466289 0.670515 0.268736 0.711554 0.608961 0.129214 0.068619 0.314708 0.412350 0.548595 0.833850 0.480829 0.214131 0.601341 0.178763 0.826466 0.348340 0.409180 0.323474 0.366286 0.187024 0.134874 0.011727 0.190160 0.107826 0.412171 0.776939 0.589864 0.617127 0.782939 0.692297 0.474646 0.736843 0.198367 0.765974 0.178804 0.188810 0.852891 0.362002 0.859927 0.068387 0.651634 0.890302 0.206233 0.498941
0.596184 0.915462 0.205687 0.343240 0.413617 0.106597 0.499000 0.142190 0.932428 0.760978 0.757122 0.901984 0.869798 0.205056 0.835787 0.136820 0.861470 0.665033 0.465910 0.853046 0.115528 0.115005 0.808172 0.819732 0.566850 0.974255 0.838805 0.245645 0.229918 0.243295 0.988983 0.756811 0.197505 0.825494 0.039999 0.569936 0.453444 0.982564 0.258174 0.798432 0.862189 0.460241 0.581997 0.101161 0.642125 0.161567 0.686000 0.887407 0.640603 0.719015 0.668820 0.324858 0.898027 0.951357 0.962274 0.844033 0.449148 0.443091 0.819963 0.518435 0.809978 0.002431 0.855941 0.541438 0.151191 0.994823 0.066524 0.214232 0.410160 0.876967 0.162632 0.740664 0.931876 0.316473 0.550980 0.246887 0.592398 0.780329 0.426240 0.732351 0.874913 0.428015 0.354440 0.398417 0.838103 0.180143 0.576060 0.194810 0.352131 0.196484 0.118207 0.120066 0.110672 0.003305 0.158635 0.061823 0.068656 0.018699 0.388687 0.380303
0.600791 0.388265 0.322202 0.218896 0.548174 0.647132 0.795826 0.977309 0.831851 0.103439 0.353443 0.185904 0.783448 0.579784 0.651210 0.835875 0.436851 0.228940 0.766704 0.140915 0.170328 0.218942 0.532383 0.293951 0.180000 0.859011 0.776465 0.239547 0.981671 0.761169 0.883733 0.237064 0.734766 0.102426 0.133320 0.740796 0.226196 0.153014 0.251157 0.401024 0.042785 0.225033 0.564912 0.652154 0.730632 0.569121 0.070040 0.299395 0.715173 0.736958 0.220149 0.027640 0.346695 0.805580 0.932041 0.677541 0.954486 0.307809 0.332900 0.830584 0.324045 0.468290 0.747589 0.743687 0.816272 0.495642 0.370635 0.950289 0.244883 0.074489 0.225121 0.717799 0.394054 0.366321 0.821871 0.477890 0.678803 0.849362 0.335854 0.109707 0.057661 0.200532 0.342122 0.952581 0.005392 0.642331 0.552079 0.328810 0.253025 0.923454 0.831606 0.704253 0.294827 0.657811 0.086783 0.870156 0.206253 0.213862 0.677974 0.585976
0.821110 0.198741 0.365323 0.631498 0.004187 0.057933 0.523123 0.105255 0.751219 0.371170 0.886296 0.280431 0.200806 0.666087 0.377464 0.802606 0.050773 0.854083 0.816688 0.022591 0.496080 0.764694 0.609138 0.329204 0.382998 0.190937 0.706189 0.645301 0.326645 0.441191 0.962698 0.379347 0.406484 0.136880 0.453653 0.259809 0.148456 0.609075 0.897226 0.387936 0.884221 0.782940 0.617147 0.208920 0.582170 0.514572 0.570642 0.543883 0.279661 0.372822 0.852040 0.967599 0.662093 0.601030 0.649335 0.652531 0.341852 0.708356 0.088433 0.418820 0.096162 0.343678 0.930829 0.886118 0.558036 0.357745 0.977033 0.258936 0.418957 0.119933 0.561228 0.772400 0.555688 0.420874 0.411444 0.277060 0.386649 0.727990 0.087378 0.038841 0.814263 0.343930 0.841216 0.040144 0.705370 0.441544 0.644833 0.951435 0.659464 0.088278 0.920579 0.042063 0.705977 0.399743 0.217032 0.477356 0.326266 0.296197 0.941158 0.577079
0.715515 0.585277 0.344711 0.130351 0.333081 0.899394 0.038373 0.024778 0.016616 0.854960 0.026737 0.035146 0.166841 0.681431 0.523782 0.490683 0.928784 0.951377 0.740088 0.282793 0.271628 0.933192 0.214981 0.188967 0.310529 0.925717 0.515699 0.070679 0.766511 0.010909 0.471033 0.039254 0.432086 0.682018 0.270725 0.820169 0.774730 0.846861 0.522320 0.476116 0.591424 0.296017 0.817711 0.266421 0.857178 0.929044 0.888935 0.159842 0.943042 0.524854 0.831471 0.101765 0.888508 0.819996 0.625079 0.772364 0.960011 0.457329 0.185623 0.627717 0.147530 0.678657 0.968701 0.756888 0.683108 0.292365 0.397911 0.306185 0.637070 0.792133 0.011791 0.003518 0.793936 0.346955 0.453264 0.666831 0.433441 0.633521 0.828612 0.190063 0.230172 0.177215 0.990462 0.752292 0.494049 0.157032 0.124214 0.176066 0.346861 0.106918 0.493515 0.794113 0.550423 0.186901 0.186097 0.254292 0.032666 0.087761 0.595875 0.696729
0.070630 0.425804 0.753380 0.575874 0.568692 0.633547 0.807833 0.806094 0.917991 0.658765 0.042617 0.300491 0.769221 0.240268 0.860681 0.390394 0.026218 0.216006 0.686562 0.566068 0.330649 0.330831 0.107534 0.118913 0.164387 0.729919 0.427997 0.130901 0.788290 0.647838 0.165143 0.788850 0.872113 0.838175 0.115110 0.922459 0.236978 0.069857 0.311671 0.492870 0.808941 0.501960 0.748395 0.579038 0.774779 0.482823 0.100723 0.845461 0.073446 0.139726 0.093715 0.888775 0.196442 0.330374 0.499022 0.165865 0.815457 0.055328 0.127845 0.198561 0.923795 0.037501 0.145160 0.274021 0.388125 0.828499 0.089132 0.662297 0.155874 0.434622 0.840150 0.574296 0.591361 0.410786 0.354705 0.634810 0.487637 0.137754 0.925629 0.508340 0.545592 0.472821 0.406369 0.584228 0.706338 0.583481 0.655903 0.679386 0.833339 0.133981 0.857275 0.020059 0.642132 0.693319 0.730979 0.160852 0.821027 0.441224 0.995735 0.079496
0.191571 0.020927 0.044686 0.213138 0.813979 0.028898 0.912560 0.868564 0.358927 0.673219 0.871412 0.350023 0.384969 0.930890 0.619978 0.437190 0.208577 0.972210 0.096588 0.366569 0.161630 0.746991 0.818595 0.365507 0.430625 0.326685 0.063081 0.483595 0.454760 0.554629 0.586949 0.515909 0.192022 0.475378 0.648730 0.014581 0.742780 0.957851 0.915408 0.963450 0.016697 0.377262 0.321196 0.521194 0.323124 0.585641 0.790496 0.846548 0.704005 0.883711 0.812367 0.800053 0.550239 0.587784 0.789520 0.300275 0.029520 0.897458 0.806774 0.892967 0.306802 0.719073 0.626405 0.572293 0.860096 0.213201 0.813286 0.529404 0.079137 0.261834 0.859335 0.627186 0.047034 0.572900 0.738360 0.525610 0.077193 0.155530 0.462093 0.018776 0.490144 0.800017 0.126300 0.698606 0.516000 0.514918 0.524165 0.558461 0.631968 0.041287 0.758192 0.492189 0.149675 0.269529 0.862335 0.570549 0.062791 0.497391 0.010645 0.130710
0.447982 0.234591 0.306899 0.642370 0.513782 0.088741 0.120101 0.396407 0.361049 0.351411 0.600030 0.857426 0.457041 0.005458 0.607432 0.978047 0.927656 0.719172 0.635064 0.728810 0.583324 0.837015 0.240996 0.527982 0.520732 0.751083 0.397924 0.750168 0.717082 0.536393 0.049351 0.049722 0.693783 0.066713 0.309605 0.392434 0.123960 0.211902 0.369093 0.776591 0.990557 0.630667 0.563791 0.321075 0.958213 0.216144 0.150555 0.762398 0.171181 0.950193 0.906400 0.486443 0.601696 0.543132 0.296153 0.206608 0.449579 0.163640 0.565651 0.720149 0.003585 0.090548 0.497083 0.095761 0.412673 0.906176 0.306290 0.345815 0.848850 0.429754 0.065474 0.758381 0.254205 0.815089 0.839515 0.005188 0.846298 0.170881 0.923653 0.197572 0.342786 0.611779 0.986085 0.575832 0.356128 0.261621 0.304250 0.566862 0.592585 0.090849 0.903273 0.452277 0.859355 0.650119 0.957180 0.560209 0.227207 0.980192 0.197178 0.327802
0.894415 0.887418 0.744647 0.641759 0.758709 0.272052 0.899291 0.968724 0.873841 0.082289 0.440224 0.829580 0.630100 0.097646 0.975771 0.610972 0.595619 0.162339 0.309005 0.863198 0.112475 0.556397 0.295886 0.551667 0.708987 0.915262 0.257941 0.322438 0.095667 0.557880 0.137421 0.557089 0.825712 0.298282 0.844324 0.138091 0.803573 0.712184 0.805991 0.458296 0.520698 0.868928 0.345966 0.572099 0.479407 0.985700 0.535501 0.283182 0.608842 0.140244 0.567779 0.695181 0.425665 0.505316 0.401109 0.346819 0.345991 0.986021 0.572298 0.262507 0.845775 0.952123 0.404506 0.227288 0.011932 0.606235 0.150856 0.453974 0.599331 0.029265 0.415510 0.983698 0.400713 0.249557 0.736741 0.413648 0.743185 0.713177 0.521760 0.275228 0.704984 0.421818 0.751019 0.061791 0.389836 0.689112 0.125070 0.165737 0.966685 0.377400 0.801510 0.556632 0.625898 0.895556 0.174425 0.410857 0.457170 0.958144 0.238909 0.234855
0.870928 0.818666 0.257831 0.079171 0.325329 0.324313 0.910876 0.901419 0.786965 0.670995 0.713630 0.087321 0.544284 0.247990 0.143362 0.008456 0.190785 0.281019 0.043559 0.425583 0.607313 0.113216 0.321503 0.045136 0.392437 0.424470 0.198919 0.734854 0.539118 0.853811 0.691315 0.299681 0.347335 0.158404 0.674973 0.736814 0.983400 0.389029 0.329401 0.667336 0.224990 0.818343 0.211338 0.649694 0.560951 0.970354 0.779517 0.107382 0.485106 0.547423 0.627824 0.327320 0.405112 0.219651 0.095422 0.190554 0.616424 0.195352 0.617482 0.772662 0.532345 0.904027 0.823265 0.274298 0.366769 0.314050 0.082408 0.786132 0.118238 0.293461 0.953548 0.238121 0.688322 0.234197 0.631213 0.454083 0.158717 0.348946 0.402906 0.885623 0.967915 0.667827 0.343844 0.747117 0.302281 0.143860 0.894846 0.134296 0.769628 0.972925 0.297588 0.932104 0.767557 0.332029 0.690282 0.379291 0.725405 0.297888 0.113147 0.579692
0.569733 0.263794 0.851740 0.209418 0.931455 0.383389 0.709721 0.279596 0.624046 0.350293 0.372662 0.862785 0.179207 0.700342 0.966754 0.145560 0.384540 0.844695 0.445218 0.181923 0.649125 0.634688 0.652174 0.855828 0.571265 0.406959 0.530607 0.701011 0.609039 0.605676 0.135313 0.323601 0.344060 0.074136 0.143541 0.386500 0.098083 0.257673 0.137386 0.896333 0.394025 0.961561 0.873569 0.856430 0.166815 0.873064 0.357448 0.677832 0.172075 0.313711 0.909535 0.101960 0.403700 0.626746 0.078615 0.706449 0.767949 0.668762 0.897000 0.164532 0.887295 0.404220 0.235826 0.964468 0.184237 0.447884 0.857177 0.527541 0.036836 0.016574 0.325923 0.104708 0.653513 0.107727 0.968474 0.231555 0.282537 0.657680 0.718136 0.279612 0.116008 0.793988 0.540896 0.290651 0.965535 0.678237 0.807272 0.437565 0.595848 0.036202 0.360922 0.229185 0.181005 0.326611 0.212762 0.611359 0.505682 0.441198 0.324201 0.748844
