0.066812 0.933996 0.909053 0.467801 0.558477 0.545502 0.096920 0.265789 0.420709 0.657344 0.774332 0.204825 0.164311 0.700160 0.335335 0.338779 0.532814 0.427865 0.683139 0.057435 0.996973 0.135297 0.678194 0.914065 0.854005 0.529304 0.340729 0.981034 0.142032 0.917996 0.478037 0.405149 0.918057 0.201116 0.132514 0.728503 0.587065 0.198075 0.050615 0.558565 0.068621 0.298684 0.496246 0.543180 0.799854 0.304793 0.325097 0.285829 0.931226 0.054991
0.738640 0.005335 0.166597 0.510005 0.547467 0.848671 0.104508 0.815140 0.271754 0.486239 0.918733 0.411219 0.563433 0.894658 0.424323 0.058908 0.030577 0.040167 0.620773 0.861505 0.025871 0.218777 0.072362 0.500664 0.692567 0.675231 0.832278 0.726439 0.695250 0.525089 0.089441 0.525372 0.963474 0.305259 0.367585 0.843401 0.548173 0.130865 0.249815 0.860178 0.793025 0.928795 0.830985 0.075216 0.176027 0.266431 0.117582 0.713277 0.485988 0.751654
0.047143 0.852433 0.532412 0.321005 0.938827 0.906710 0.980840 0.778098 0.289444 0.132173 0.829066 0.328765 0.471602 0.609948 0.751335 0.318190 0.532874 0.095654 0.692305 0.135623 0.409868 0.026517 0.125518 0.646566 0.844164 0.731795 0.647505 0.883327 0.695143 0.791029 0.237803 0.641338 0.967639 0.150400 0.105362 0.618623 0.541458 0.494125 0.571184 0.887556 0.327876 0.176371 0.971210 0.868006 0.301029 0.894734 0.275761 0.658111 0.890991 0.144116
0.032089 0.839185 0.252476 0.636714 0.524593 0.939316 0.109545 0.949796 0.318212 0.472580 0.689818 0.971540 0.855098 0.410693 0.840031 0.436159 0.947114 0.604782 0.995523 0.820369 0.707733 0.417668 0.219690 0.125291 0.335525 0.175044 0.388456 0.946540 0.781288 0.673674 0.675980 0.228157 0.335670 0.693156 0.878992 0.375743 0.939536 0.284020 0.989685 0.267749 0.174282 0.999832 0.019414 0.540426 0.107953 0.100886 0.275821 0.431339 0.334099 0.154016
0.206377 0.794046 0.536349 0.588003 0.226091 0.895975 0.143367 0.630455 0.154325 0.030708 0.034674 0.286952 0.074644 0.234835 0.868854 0.483021 0.479732 0.733322 0.648955 0.202243 0.073583 0.025493 0.831318 0.687298 0.061283 0.926696 0.071402 0.929441 0.408945 0.065197 0.397095 0.831665 0.147144 0.854739 0.307756 0.686320 0.894766 0.626501 0.299375 0.883936 0.272438 0.649157 0.496574 0.904989 0.403374 0.179965 0.954906 0.549632 0.570402 0.357424
0.473476 0.580888 0.950060 0.066238 0.811419 0.732337 0.195103 0.964497 0.052920 0.075079 0.072709 0.279807 0.452035 0.205306 0.103468 0.956240 0.575294 0.931675 0.979742 0.724718 0.554348 0.932743 0.942135 0.844879 0.791330 0.386308 0.054109 0.872661 0.582984 0.859570 0.539164 0.813189 0.264406 0.455461 0.111900 0.402430 0.400744 0.625312 0.207229 0.428311 0.396851 0.903977 0.987809 0.223791 0.363818 0.217379 0.271960 0.092448 0.799681 0.238760
0.597901 0.501257 0.987775 0.768748 0.540492 0.757262 0.995492 0.082982 0.564907 0.670088 0.858296 0.122664 0.239363 0.151352 0.681753 0.556753 0.831292 0.564178 0.164560 0.869790 0.949801 0.638941 0.054947 0.029319 0.031847 0.775808 0.556445 0.894857 0.360147 0.707046 0.905765 0.275341 0.453173 0.839994 0.759853 0.485143 0.000239 0.506550 0.160592 0.063938 0.030432 0.660541 0.305420 0.055724 0.843400 0.526443 0.616595 0.480099 0.111916 0.806097
0.118697 0.322011 0.468490 0.927169 0.963617 0.757300 0.507103 0.660735 0.659887 0.475508 0.879680 0.947454 0.981069 0.674402 0.470560 0.135064 0.018567 0.294252 0.944502 0.102631 0.806362 0.911670 0.567966 0.242340 0.144863 0.911076 0.481466 0.131025 0.532086 0.899700 0.028962 0.681241 0.406814 0.724988 0.501386 0.496985 0.402241 0.113457 0.086408 0.509492 0.751512 0.036301 0.638565 0.372369 0.886871 0.378167 0.015017 0.318762 0.951107 0.173037
0.793770 0.504826 0.638623 0.866045 0.554447 0.677250 0.463843 0.016147 0.416444 0.021512 0.070660 0.029235 0.760713 0.593927 0.374601 0.123856 0.897796 0.178402 0.471910 0.333197 0.667511 0.753948 0.494770 0.967693 0.323502 0.778405 0.903467 0.083292 0.735299 0.490387 0.256230 0.827282 0.574443 0.633348 0.431342 0.019178 0.709169 0.499840 0.986491 0.297528 0.497275 0.812194 0.279234 0.051331 0.907527 0.525608 0.516709 0.338358 0.582848 0.796126
0.779435 0.695719 0.928124 0.999459 0.826506 0.638029 0.552430 0.189315 0.168108 0.403399 0.723589 0.612792 0.537768 0.020119 0.071578 0.181305 0.153471 0.229534 0.730954 0.387540 0.238623 0.647100 0.358421 0.924519 0.164794 0.263742 0.307593 0.341827 0.853545 0.063655 0.895077 0.012155 0.276907 0.334702 0.120786 0.344496 0.520785 0.641734 0.172974 0.608749 0.674595 0.336179 0.351873 0.192102 0.037351 0.520734 0.942998 0.669501 0.777888 0.219164
0.484508 0.808199 0.626014 0.128340 0.619998 0.992519 0.540991 0.015563 0.079693 0.786828 0.870663 0.490860 0.466604 0.939357 0.765367 0.345477 0.354173 0.985294 0.404354 0.820419 0.386772 0.109331 0.140397 0.784720 0.587468 0.166324 0.577794 0.715551 0.329194 0.049076 0.586704 0.493717 0.397170 0.857619 0.024488 0.334525 0.994266 0.751745 0.950327 0.109830 0.887043 0.766727 0.610487 0.256913 0.840877 0.893276 0.378467 0.549014 0.918182 0.894851
0.459688 0.315700 0.823037 0.608421 0.312255 0.754084 0.673367 0.390829 0.564591 0.840639 0.750924 0.356703 0.120446 0.020319 0.930728 0.732349 0.705735 0.613789 0.912177 0.577639 0.493246 0.070576 0.593941 0.803577 0.336016 0.857343 0.718365 0.428128 0.618001 0.076785 0.543524 0.331359 0.590990 0.731293 0.933537 0.058024 0.045234 0.301222 0.857704 0.333890 0.257703 0.647036 0.119116 0.702332 0.631853 0.839503 0.599028 0.470992 0.245538 0.513876
0.596240 0.574630 0.485720 0.572432 0.816168 0.655800 0.165081 0.040912 0.849534 0.388225 0.586281 0.178609 0.751883 0.228066 0.361600 0.534667 0.532832 0.865794 0.233998 0.483182 0.867653 0.479091 0.102606 0.850146 0.872353 0.417280 0.697341 0.370024 0.662659 0.927291 0.640308 0.476807 0.195982 0.485590 0.250812 0.810085 0.582437 0.114757 0.651814 0.203997 0.147199 0.883041 0.256036 0.017279 0.780897 0.719505 0.397745 0.642891 0.687334 0.062830
0.553029 0.308495 0.489382 0.811152 0.918729 0.711749 0.934016 0.767172 0.354192 0.280479 0.350104 0.997593 0.195398 0.450214 0.449771 0.752606 0.257101 0.426296 0.419029 0.851734 0.704844 0.776802 0.655877 0.791087 0.209934 0.564156 0.650186 0.671759 0.971330 0.362761 0.960592 0.121743 0.367115 0.907482 0.309847 0.224301 0.202437 0.042657 0.720535 0.025322 0.417237 0.138510 0.926445 0.475574 0.763279 0.925062 0.484439 0.006834 0.084890 0.251845
0.498357 0.893119 0.300241 0.568087 0.654913 0.262803 0.639344 0.063965 0.705868 0.965006 0.293629 0.524556 0.350524 0.406845 0.035647 0.416115 0.140824 0.351248 0.020545 0.579316 0.716636 0.845132 0.865998 0.500163 0.866938 0.403019 0.489577 0.254003 0.553166 0.393499 0.861333 0.297271 0.804245 0.701774 0.646770 0.193637 0.330377 0.833829 0.283253 0.414231 0.559263 0.398907 0.783391 0.684417 0.689947 0.715619 0.192738 0.526858 0.197090 0.065138
0.708009 0.800849 0.695446 0.157304 0.571694 0.281277 0.831815 0.949986 0.518541 0.018723 0.445906 0.153009 0.731982 0.143008 0.432027 0.009147 0.977361 0.151238 0.717727 0.395349 0.263442 0.026320 0.994812 0.617484 0.522286 0.377397 0.247475 0.624820 0.404868 0.044617 0.587429 0.831929 0.145753 0.456070 0.844878 0.109796 0.807100 0.735380 0.446759 0.004655 0.485039 0.142717 0.955602 0.194243 0.258368 0.759465 0.725653 0.062878 0.851850 0.532611
0.203927 0.049232 0.045426 0.247673 0.130351 0.735604 0.279775 0.425593 0.124276 0.317156 0.136953 0.331483 0.342784 0.508137 0.048831 0.266629 0.595833 0.142470 0.830136 0.462051 0.452468 0.178468 0.160725 0.902806 0.897662 0.594990 0.743438 0.229260 0.231349 0.241818 0.073605 0.758527 0.821435 0.914611 0.163396 0.377042 0.376850 0.133593 0.196553 0.232814 0.090011 0.174964 0.688445 0.794581 0.908731 0.902187 0.005358 0.914048 0.994423 0.592771
0.152481 0.553284 0.746455 0.756113 0.962131 0.723428 0.869242 0.291844 0.860179 0.626242 0.825381 0.643488 0.596987 0.823622 0.415489 0.768590 0.293357 0.763168 0.098313 0.689744 0.847644 0.660053 0.202637 0.277052 0.940384 0.089758 0.194154 0.691996 0.740237 0.355728 0.415330 0.748959 0.418539 0.663944 0.612140 0.731744 0.773299 0.458859 0.027461 0.083150 0.895458 0.839733 0.021831 0.760134 0.517221 0.780867 0.031318 0.628212 0.630467 0.884958
0.115863 0.525845 0.752498 0.680807 0.525589 0.575055 0.380165 0.926627 0.192940 0.653614 0.921899 0.850632 0.897008 0.515728 0.427670 0.875844 0.629926 0.726512 0.297251 0.275734 0.745405 0.206677 0.042724 0.273215 0.411662 0.232367 0.809214 0.717888 0.816423 0.522390 0.666011 0.729352 0.945738 0.639699 0.193888 0.411459 0.629329 0.909079 0.573271 0.312482 0.218057 0.680968 0.487312 0.804370 0.811885 0.985196 0.354850 0.583484 0.507009 0.649521
0.461335 0.800984 0.060066 0.328521 0.827248 0.344349 0.462691 0.893328 0.105116 0.400679 0.680002 0.443081 0.449015 0.175000 0.913544 0.213851 0.681234 0.583410 0.009248 0.082439 0.587294 0.225352 0.099738 0.068172 0.116181 0.770189 0.565856 0.025263 0.640032 0.896055 0.856855 0.704191 0.805127 0.285063 0.268606 0.590866 0.623182 0.006745 0.727781 0.617323 0.749551 0.561586 0.353057 0.551627 0.424718 0.017846 0.553473 0.007859 0.344725 0.049755
0.268440 0.384641 0.113117 0.995476 0.789582 0.926860 0.296346 0.734824 0.120578 0.185522 0.482702 0.536825 0.236253 0.940138 0.237037 0.358387 0.351214 0.623364 0.468816 0.345149 0.161705 0.602721 0.813347 0.773386 0.861964 0.389585 0.524924 0.328049 0.024742 0.183552 0.343530 0.324230 0.112130 0.283409 0.564006 0.517584 0.642833 0.935994 0.987960 0.459267 0.754616 0.982190 0.456670 0.907042 0.966124 0.478110 0.419538 0.148879 0.231821 0.177583
0.388547 0.165649 0.038163 0.358217 0.153930 0.364113 0.731738 0.981865 0.971106 0.750310 0.503572 0.353170 0.981440 0.176708 0.309780 0.550939 0.273116 0.100751 0.221313 0.928882 0.022361 0.654139 0.551773 0.560589 0.137960 0.730999 0.079147 0.765768 0.526929 0.007535 0.523492 0.139600 0.133632 0.962955 0.303172 0.588065 0.498701 0.000732 0.346451 0.935203 0.844071 0.505237 0.701494 0.680714 0.168414 0.443685 0.138240 0.604706 0.921711 0.068593
0.376199 0.376833 0.133559 0.854345 0.715548 0.892511 0.114014 0.318431 0.883841 0.655578 0.317290 0.791201 0.809852 0.048124 0.430282 0.414000 0.788614 0.295519 0.623565 0.581769 0.566981 0.997559 0.198712 0.948820 0.714777 0.250301 0.160272 0.390568 0.904892 0.386395 0.838662 0.919713 0.006596 0.673090 0.583389 0.466231 0.501589 0.838815 0.282428 0.633938 0.921431 0.334945 0.144387 0.917720 0.054661 0.681748 0.765585 0.943000 0.511050 0.560231
0.640203 0.011569 0.735266 0.603193 0.243746 0.169614 0.630675 0.454764 0.833130 0.132998 0.716412 0.567638 0.021997 0.389379 0.966483 0.018612 0.116494 0.002810 0.162749 0.583608 0.630260 0.435721 0.397862 0.942207 0.200038 0.633792 0.330695 0.527109 0.547041 0.831165 0.178084 0.181605 0.702100 0.618793 0.878285 0.146276 0.220918 0.268803 0.124679 0.070503 0.582907 0.839657 0.885607 0.693566 0.958478 0.310257 0.490267 0.709938 0.261833 0.797236
0.380422 0.447366 0.603346 0.876384 0.732462 0.407262 0.350617 0.153155 0.964393 0.240165 0.193374 0.578802 0.605742 0.062211 0.600928 0.951996 0.041266 0.260780 0.295559 0.161327 0.466711 0.260604 0.840773 0.502514 0.594663 0.437968 0.385767 0.857930 0.801625 0.176954 0.088911 0.361957 0.186496 0.162563 0.625376 0.074790 0.119739 0.953838 0.372232 0.262866 0.399515 0.238544 0.341157 0.971885 0.920569 0.074029 0.395254 0.635252 0.633317 0.683102
0.559244 0.513694 0.684830 0.730009 0.990567 0.966929 0.312956 0.888430 0.896598 0.606420 0.093888 0.670143 0.289552 0.697889 0.616812 0.175433 0.675793 0.678580 0.721852 0.917096 0.909203 0.340462 0.216593 0.238003 0.100595 0.217063 0.414310 0.718461 0.260897 0.548302 0.694938 0.374438 0.444424 0.402520 0.018467 0.348662 0.402366 0.093859 0.779055 0.847947 0.471429 0.306607 0.961290 0.763533 0.286853 0.792456 0.399787 0.859788 0.206900 0.658061
0.313682 0.487615 0.817870 0.829986 0.712084 0.030275 0.220741 0.115160 0.153998 0.242445 0.568868 0.114768 0.586920 0.014229 0.384749 0.419967 0.984324 0.241190 0.858681 0.867931 0.451020 0.037592 0.704915 0.659295 0.049181 0.581598 0.940570 0.695117 0.211422 0.533689 0.477839 0.068713 0.228300 0.243546 0.545751 0.932873 0.105318 0.542645 0.526116 0.136141 0.702688 0.124206 0.744099 0.070873 0.370311 0.186749 0.848933 0.636827 0.450562 0.786386
0.249002 0.934109 0.057005 0.571104 0.086881 0.228488 0.553843 0.756000 0.696690 0.964184 0.811602 0.920569 0.597515 0.289998 0.961432 0.205848 0.053735 0.118924 0.073419 0.639170 0.859400 0.538813 0.427265 0.399944 0.879420 0.848890 0.913439 0.556919 0.047574 0.488221 0.604392 0.372207 0.001252 0.774569 0.257211 0.152717 0.912598 0.177374 0.911232 0.141493 0.468524 0.775244 0.916543 0.792364 0.059147 0.603834 0.847929 0.458491 0.576856 0.204294
0.728151 0.408083 0.875032 0.581144 0.218559 0.030897 0.390084 0.299671 0.067948 0.956368 0.881837 0.870902 0.007782 0.848448 0.090863 0.006373 0.362477 0.484106 0.969824 0.813169 0.409094 0.936602 0.922949 0.633967 0.201464 0.415285 0.089660 0.508179 0.439887 0.634904 0.132045 0.658702 0.207455 0.131951 0.490363 0.292949 0.472075 0.198962 0.854460 0.315183 0.812555 0.109828 0.477391 0.223652 0.844263 0.389230 0.635840 0.365980 0.124042 0.678150
0.566254 0.450174 0.460119 0.180145 0.125879 0.627570 0.808843 0.088161 0.557955 0.934109 0.571661 0.826228 0.240285 0.741389 0.324628 0.037406 0.812518 0.442778 0.170953 0.269418 0.105771 0.775562 0.336417 0.014482 0.766995 0.251310 0.945953 0.666930 0.764615 0.578837 0.138177 0.324220 0.956331 0.333983 0.961140 0.882471 0.443436 0.011374 0.831413 0.558699 0.576791 0.589630 0.328207 0.970416 0.896388 0.705079 0.854052 0.651913 0.443876 0.563136
0.420753 0.808372 0.857923 0.312175 0.590156 0.445795 0.554856 0.452340 0.834747 0.046850 0.802933 0.200942 0.873276 0.913734 0.635700 0.232170 0.527527 0.272303 0.158470 0.303955 0.132015 0.330650 0.596814 0.838802 0.692920 0.882117 0.171018 0.581137 0.019152 0.023019 0.521060 0.293587 0.728079 0.837458 0.021540 0.587350 0.008949 0.381769 0.524026 0.884546 0.322128 0.705836 0.834252 0.433330 0.286195 0.705769 0.316063 0.680925 0.681715 0.692844
0.526926 0.692101 0.953295 0.589718 0.335517 0.503434 0.561525 0.815207 0.980282 0.550498 0.048073 0.759304 0.880553 0.742859 0.600914 0.630723 0.705074 0.974598 0.191480 0.155993 0.719182 0.982614 0.934920 0.483109 0.266142 0.284893 0.058026 0.208121 0.904573 0.341123 0.266182 0.312221 0.786704 0.994413 0.224619 0.429173 0.497471 0.881494 0.223919 0.413779 0.786521 0.622943 0.854694 0.296137 0.740240 0.183560 0.482692 0.223301 0.543987 0.529210
0.192410 0.378392 0.070256 0.089948 0.552941 0.700001 0.348095 0.637710 0.667993 0.087844 0.963545 0.135410 0.493687 0.632976 0.477779 0.727215 0.445230 0.916818 0.742862 0.528606 0.204295 0.590699 0.285634 0.930154 0.870880 0.581109 0.116913 0.155760 0.262090 0.052710 0.791224 0.359042 0.791208 0.443421 0.909515 0.581519 0.558913 0.627717 0.528502 0.662353 0.765307 0.936576 0.062997 0.709028 0.491904 0.514113 0.705763 0.222927 0.894734 0.501775
0.435036 0.040061 0.064760 0.053746 0.837256 0.018899 0.738679 0.639236 0.417671 0.362574 0.020290 0.882845 0.156109 0.507834 0.889922 0.558169 0.916231 0.258699 0.819154 0.822060 0.765793 0.421296 0.326062 0.419055 0.544635 0.634084 0.235245 0.346010 0.904107 0.864761 0.771428 0.391790 0.547652 0.133998 0.619726 0.199047 0.608360 0.452959 0.435426 0.020339 0.932199 0.609827 0.726300 0.326718 0.051136 0.020276 0.590096 0.830027 0.134077 0.488014
0.838275 0.292221 0.069800 0.255540 0.237017 0.594206 0.441334 0.331832 0.390348 0.268759 0.367689 0.722066 0.617415 0.612219 0.567024 0.590564 0.102037 0.193756 0.315939 0.261528 0.431710 0.234353 0.711458 0.910622 0.548471 0.804822 0.796370 0.958265 0.140548 0.845898 0.137016 0.591819 0.896533 0.892894 0.159088 0.515967 0.858348 0.495491 0.844637 0.863428 0.128861 0.526803 0.942324 0.445860 0.966883 0.693198 0.384477 0.308332 0.696865 0.480428
0.823380 0.622758 0.502179 0.848328 0.228631 0.176100 0.583391 0.788452 0.276078 0.854512 0.255923 0.809517 0.590400 0.580016 0.323530 0.515059 0.587634 0.287162 0.589542 0.241885 0.237064 0.201517 0.313191 0.741701 0.437668 0.505548 0.886114 0.241846 0.829943 0.713204 0.441073 0.755094 0.249679 0.198819 0.529583 0.648940 0.997962 0.865642 0.545736 0.124354 0.739932 0.198985 0.826035 0.134357 0.596356 0.883548 0.617809 0.760128 0.763894 0.995605
0.994286 0.270161 0.643042 0.142486 0.497769 0.386843 0.259583 0.073976 0.980279 0.504898 0.629525 0.360540 0.569355 0.487713 0.580115 0.243297 0.857706 0.780541 0.548749 0.584022 0.029404 0.378297 0.072787 0.120711 0.829263 0.930752 0.199391 0.265402 0.263417 0.310295 0.812919 0.353451 0.835676 0.361897 0.244405 0.230656 0.301792 0.568861 0.606682 0.911296 0.665363 0.337704 0.657668 0.857710 0.641837 0.906060 0.562941 0.594169 0.534530 0.572114
0.283653 0.092390 0.128736 0.840175 0.998288 0.838976 0.037751 0.184532 0.072124 0.267034 0.041746 0.025016 0.596335 0.892465 0.378932 0.216531 0.349991 0.903587 0.390406 0.755657 0.564221 0.583649 0.232891 0.421809 0.703786 0.913229 0.562686 0.371718 0.242543 0.043556 0.001633 0.359815 0.153081 0.292861 0.016084 0.766100 0.176488 0.671077 0.029131 0.619569 0.059198 0.254956 0.322955 0.476433 0.489897 0.183999 0.791393 0.213914 0.163704 0.752669
0.536900 0.622240 0.442742 0.011222 0.902377 0.716979 0.146017 0.546555 0.845598 0.889080 0.522035 0.461704 0.589264 0.183745 0.784772 0.850108 0.558269 0.776315 0.109863 0.873479 0.738547 0.791552 0.752453 0.038161 0.187638 0.914557 0.282469 0.984736 0.369813 0.641344 0.180051 0.712895 0.980626 0.916728 0.483909 0.564200 0.548105 0.444056 0.013497 0.051604 0.037734 0.427570 0.288547 0.114828 0.286644 0.253248 0.842942 0.111897 0.723417 0.292537
0.609020 0.171857 0.879691 0.541658 0.543209 0.757865 0.869447 0.461812 0.643911 0.871928 0.532754 0.476867 0.335573 0.584426 0.251044 0.781359 0.984967 0.117717 0.709151 0.018065 0.429338 0.091554 0.684323 0.668598 0.253916 0.187526 0.411070 0.231774 0.228923 0.614162 0.886529 0.373310 0.389142 0.447158 0.987904 0.559838 0.429759 0.245150 0.696050 0.223068 0.015037 0.416204 0.450701 0.549649 0.752860 0.244290 0.418859 0.778082 0.748170 0.377286
0.210272 0.165853 0.836389 0.059169 0.416106 0.136692 0.275829 0.838893 0.004858 0.738271 0.113980 0.467418 0.509260 0.455843 0.846670 0.540653 0.791371 0.462671 0.926761 0.833320 0.867777 0.140076 0.607823 0.841547 0.840026 0.725281 0.149440 0.167758 0.040400 0.275604 0.639036 0.458263 0.205437 0.233282 0.072625 0.138275 0.574816 0.697891 0.301985 0.751021 0.938438 0.895911 0.403122 0.096692 0.994569 0.804357 0.427271 0.181328 0.325696 0.030416
0.651147 0.748189 0.749445 0.620763 0.142151 0.405085 0.596086 0.430021 0.898169 0.237050 0.058400 0.764779 0.312042 0.729552 0.168351 0.783052 0.616557 0.047224 0.891225 0.722332 0.028925 0.248444 0.102806 0.249226 0.039259 0.408410 0.738200 0.293035 0.560683 0.169523 0.103564 0.000399 0.949581 0.378236 0.236756 0.213126 0.544889 0.210919 0.670186 0.016542 0.472165 0.492864 0.101928 0.239147 0.360547 0.012157 0.322716 0.459909 0.481725 0.173399
0.373735 0.546236 0.167002 0.064220 0.048026 0.919619 0.910396 0.630847 0.495302 0.230260 0.508412 0.255128 0.925409 0.274299 0.037834 0.700145 0.449207 0.004504 0.895419 0.686951 0.713251 0.250058 0.636731 0.592563 0.402535 0.922394 0.090380 0.375514 0.048743 0.227761 0.745018 0.091491 0.007554 0.004542 0.074934 0.293830 0.076824 0.476612 0.284026 0.202126 0.198674 0.202171 0.293628 0.998299 0.769975 0.449777 0.400602 0.248692 0.952800 0.212796
0.655675 0.616030 0.006199 0.017987 0.964953 0.410150 0.895194 0.812741 0.868594 0.530743 0.317392 0.816886 0.318159 0.070349 0.143934 0.558191 0.992751 0.906029 0.135578 0.826697 0.857871 0.598955 0.991107 0.490181 0.345524 0.964277 0.825537 0.550397 0.306902 0.897898 0.671437 0.062441 0.793288 0.361573 0.714151 0.709113 0.608895 0.602643 0.072242 0.400787 0.187637 0.231061 0.123826 0.058528 0.459519 0.328574 0.987599 0.282310 0.043109 0.519870
0.947919 0.432738 0.805015 0.867072 0.089877 0.002959 0.993710 0.547266 0.044071 0.283638 0.264775 0.747505 0.637455 0.315272 0.039771 0.831342 0.241505 0.819516 0.549097 0.991213 0.650716 0.017825 0.630142 0.374228 0.373483 0.526170 0.862836 0.919065 0.204466 0.568290 0.245477 0.379080 0.690739 0.539535 0.705055 0.034960 0.990402 0.404014 0.704917 0.802066 0.954220 0.212705 0.302428 0.866768 0.804721 0.631797 0.323390 0.709446 0.879685 0.920383
0.594915 0.270733 0.322138 0.124990 0.592926 0.128427 0.670639 0.313684 0.817859 0.152250 0.602618 0.311767 0.386116 0.038432 0.240270 0.351084 0.537332 0.825689 0.967226 0.549757 0.035976 0.810636 0.777752 0.206605 0.343874 0.289898 0.951369 0.204536 0.001782 0.211373 0.477467 0.081859 0.452550 0.405473 0.913680 0.624082 0.505187 0.835232 0.056400 0.666421 0.491784 0.216844 0.815928 0.051733 0.998182 0.955757 0.200746 0.440044 0.774364 0.942248
0.044622 0.632934 0.999586 0.050549 0.519648 0.972657 0.861767 0.543087 0.087136 0.731489 0.315587 0.455854 0.790016 0.618792 0.498091 0.826969 0.626282 0.800086 0.147292 0.951304 0.902541 0.199344 0.404349 0.346710 0.247792 0.391778 0.746114 0.552592 0.832661 0.130910 0.305677 0.478817 0.005776 0.399181 0.454687 0.059796 0.772040 0.616479 0.484075 0.719254 0.698410 0.845861 0.901128 0.576240 0.243752 0.478364 0.963202 0.420987 0.634915 0.846599
0.979791 0.164230 0.275639 0.187986 0.252139 0.565789 0.213024 0.511611 0.841912 0.798669 0.547053 0.029385 0.774944 0.317678 0.444806 0.372238 0.447987 0.791368 0.558602 0.689104 0.649958 0.553149 0.378415 0.066549 0.603598 0.222571 0.657920 0.778561 0.126792 0.440422 0.974766 0.878623 0.634986 0.564606 0.639655 0.381050 0.738421 0.805595 0.459891 0.300029 0.522951 0.815237 0.741116 0.459062 0.119420 0.138046 0.705473 0.866871 0.312990 0.312081
0.493872 0.364623 0.469044 0.561790 0.952586 0.121599 0.113184 0.405640 0.041163 0.391846 0.181427 0.000250 0.366144 0.650971 0.752616 0.110580 0.248469 0.392664 0.743591 0.239623 0.168420 0.875996 0.756518 0.471253 0.760617 0.729353 0.889795 0.676383 0.362277 0.133005 0.017206 0.489290 0.985243 0.918361 0.357332 0.727629 0.571213 0.582146 0.397396 0.367243 0.771395 0.632193 0.927464 0.279038 0.095728 0.266822 0.663797 0.235100 0.458180 0.507453
0.372180 0.709605 0.531261 0.288226 0.463170 0.669172 0.810603 0.169458 0.092676 0.768968 0.304049 0.894399 0.307287 0.369450 0.170872 0.574738 0.103399 0.744348 0.976473 0.526656 0.624571 0.921597 0.014501 0.229854 0.532322 0.441908 0.214911 0.348973 0.385823 0.051299 0.990356 0.060438 0.885336 0.993353 0.854369 0.134268 0.800774 0.388847 0.084477 0.828464 0.698026 0.863262 0.652657 0.922371 0.250099 0.300637 0.295545 0.459759 0.991105 0.974690
