0.247891 0.422168 0.810295 0.249556 0.389131 0.634878 0.908475 0.553773 0.545021 0.512083 0.114281 0.852863 0.016786 0.799897 0.220474 0.329975 0.356409 0.937220 0.312099 0.253922 0.145394 0.640503 0.171839 0.327115 0.306027 0.964723 0.899746 0.203560 0.373951 0.888599 0.190734 0.141957 0.235184 0.490844 0.351184 0.194437 0.172632 0.465718 0.392262 0.096084 0.299639 0.911145 0.038887 0.167464 0.258931 0.198381 0.767631 0.933287 0.922625 0.490605 0.225494 0.432522 0.583702 0.909116 0.029642 0.209254 0.159441 0.113135 0.422858 0.737738 0.075529 0.164245 0.061593 0.716946 0.375525 0.946197 0.984657 0.662702 0.098722 0.845356 0.617594 0.407300 0.461095 0.200540 0.576282 0.941008 0.439993 0.874234 0.631700 0.208274 0.075589 0.828263 0.467565 0.290419 0.272029 0.331597 0.394273 0.911314 0.872021 0.053508 0.086475 0.837993 0.072694 0.959983 0.354721 0.032814 0.738104 0.840598 0.713245 0.427519
0.354760 0.189520 0.049054 0.641071 0.835191 0.161509 0.174959 0.545456 0.926424 0.950730 0.869855 0.425380 0.212020 0.191950 0.506736 0.544699 0.742305 0.306885 0.955960 0.364642 0.991132 0.776096 0.807230 0.048681 0.285869 0.152430 0.535071 0.915742 0.175110 0.393876 0.386342 0.172072 0.694824 0.080247 0.931263 0.188114 0.303405 0.396527 0.291513 0.785900 0.791115 0.011590 0.053533 0.577104 0.634497 0.598937 0.503280 0.221921 0.706868 0.617795 0.211606 0.489966 0.042420 0.498779 0.525224 0.270928 0.382891 0.617574 0.558386 0.307004 0.984802 0.335089 0.986566 0.558052 0.532883 0.251832 0.703130 0.201376 0.091583 0.810948 0.357864 0.910042 0.077517 0.563642 0.919185 0.607387 0.683231 0.786393 0.817218 0.359148 0.297222 0.085785 0.618130 0.836567 0.708369 0.604769 0.471741 0.015171 0.245073 0.765443 0.831561 0.737104 0.326914 0.414633 0.705951 0.123012 0.867730 0.109524 0.683533 0.700703
0.224147 0.634950 0.667922 0.064814 0.522546 0.269865 0.465747 0.498640 0.104810 0.595220 0.495680 0.015236 0.414539 0.296463 0.478337 0.302806 0.588346 0.982842 0.092780 0.372388 0.499322 0.803115 0.968794 0.522213 0.419746 0.193418 0.958499 0.988533 0.964351 0.612061 0.728615 0.007012 0.756164 0.551322 0.672672 0.191739 0.136562 0.503945 0.789638 0.086218 0.086782 0.314308 0.478255 0.802502 0.729284 0.645428 0.325948 0.222649 0.517671 0.285083 0.953233 0.373769 0.120199 0.297674 0.736025 0.249698 0.052389 0.597456 0.365314 0.960270 0.219327 0.448497 0.318729 0.889076 0.426845 0.168468 0.398029 0.448712 0.751420 0.298248 0.332759 0.065187 0.746232 0.990077 0.491969 0.501800 0.682755 0.135274 0.332187 0.745850 0.858690 0.015581 0.882844 0.424883 0.364463 0.801749 0.111394 0.788915 0.291124 0.433385 0.450131 0.767180 0.476656 0.802355 0.572589 0.514878 0.485817 0.172412 0.226369 0.735094
0.608596 0.308471 0.488155 0.140609 0.809835 0.752386 0.027506 0.278233 0.930129 0.794707 0.734021 0.720120 0.097019 0.184103 0.458581 0.507554 0.425024 0.732543 0.464060 0.041094 0.677142 0.566791 0.866902 0.420782 0.894466 0.912279 0.378697 0.986677 0.478574 0.833469 0.516660 0.193733 0.185346 0.597698 0.130605 0.858220 0.770093 0.819234 0.045457 0.215719 0.422178 0.080666 0.688787 0.538551 0.405873 0.928102 0.592778 0.000129 0.363400 0.639792 0.017783 0.031858 0.831612 0.064814 0.414479 0.146868 0.703431 0.568234 0.252636 0.751494 0.183230 0.576982 0.809391 0.024985 0.038480 0.131297 0.392937 0.059524 0.719809 0.154624 0.665529 0.756058 0.717052 0.405704 0.026759 0.907078 0.587830 0.587986 0.090750 0.403105 0.184376 0.338574 0.381333 0.009715 0.204599 0.311181 0.636810 0.193938 0.516352 0.588028 0.241672 0.830317 0.946539 0.034138 0.113579 0.582324 0.080768 0.324400 0.614328 0.364466
0.654122 0.313859 0.668524 0.075451 0.403785 0.075582 0.059162 0.405204 0.629074 0.877335 0.995020 0.010242 0.087682 0.045946 0.996922 0.496958 0.896694 0.687421 0.334943 0.060347 0.581846 0.736294 0.698758 0.099152 0.597768 0.804343 0.596626 0.701909 0.675354 0.374419 0.167274 0.806962 0.057994 0.457965 0.045193 0.994882 0.650040 0.636635 0.211110 0.071457 0.370558 0.608645 0.744073 0.931923 0.766923 0.179064 0.959505 0.688387 0.200180 0.424281 0.510370 0.687844 0.284810 0.475301 0.603427 0.697710 0.196385 0.423418 0.806860 0.737225 0.323346 0.262743 0.385804 0.332378 0.172256 0.135447 0.948578 0.541237 0.011857 0.625227 0.752232 0.295289 0.774579 0.791074 0.883204 0.868059 0.899579 0.786067 0.691330 0.358039 0.094318 0.162063 0.223503 0.749060 0.704169 0.165194 0.895855 0.899227 0.165331 0.652604 0.095688 0.548342 0.734473 0.617691 0.304321 0.324682 0.786910 0.762096 0.127625 0.904988
0.020853 0.065158 0.028475 0.781528 0.941920 0.356656 0.563975 0.862647 0.239154 0.731141 0.609431 0.975736 0.742492 0.199632 0.039085 0.672552 0.216204 0.193008 0.211453 0.769240 0.477401 0.269689 0.338518 0.691886 0.863966 0.572666 0.137528 0.452200 0.663426 0.359878 0.665781 0.092670 0.724656 0.870667 0.653180 0.590814 0.393578 0.719858 0.258313 0.790234 0.326531 0.336956 0.070868 0.861585 0.020980 0.561473 0.161870 0.746542 0.732814 0.754670 0.254852 0.365244 0.368374 0.128423 0.013897 0.613274 0.782068 0.278126 0.109031 0.365576 0.290447 0.370958 0.897879 0.218227 0.290858 0.161338 0.718331 0.581004 0.754646 0.424213 0.852888 0.125453 0.217290 0.255099 0.458007 0.800120 0.474264 0.445411 0.194218 0.101359 0.974464 0.158113 0.811788 0.661271 0.707620 0.116365 0.132428 0.664128 0.543563 0.108556 0.840244 0.036052 0.509715 0.529302 0.198549 0.961395 0.108448 0.658335 0.061477 0.902013
0.167881 0.792599 0.700611 0.343323 0.579814 0.737647 0.746864 0.749105 0.562089 0.331883 0.642879 0.441169 0.716531 0.422098 0.578027 0.644604 0.195160 0.728547 0.155362 0.380372 0.352842 0.292732 0.955941 0.981162 0.269780 0.012673 0.821520 0.846153 0.208105 0.060813 0.045953 0.230665 0.295620 0.174512 0.130241 0.120974 0.239372 0.356017 0.172432 0.514603 0.421143 0.093472 0.991974 0.918122 0.713355 0.485340 0.120511 0.488359 0.961293 0.558700 0.752957 0.335212 0.662916 0.104185 0.715913 0.632962 0.216303 0.504079 0.230184 0.684241 0.988637 0.876291 0.168373 0.652552 0.302187 0.734240 0.727133 0.654938 0.863929 0.572285 0.880212 0.755116 0.330511 0.729731 0.768654 0.519863 0.672511 0.461617 0.046167 0.274499 0.105215 0.818137 0.318508 0.782967 0.545253 0.578581 0.695750 0.202951 0.491370 0.390005 0.721450 0.520232 0.227793 0.376458 0.753058 0.260102 0.529204 0.032447 0.894924 0.241260
0.373625 0.931597 0.150729 0.427068 0.167279 0.207234 0.599201 0.089684 0.819545 0.624203 0.984318 0.953629 0.632129 0.101163 0.575929 0.096631 0.949243 0.129135 0.856465 0.634791 0.476616 0.775416 0.648481 0.632562 0.909559 0.402916 0.206970 0.875880 0.257634 0.156060 0.503067 0.176941 0.302091 0.454733 0.732598 0.879203 0.724059 0.907366 0.679753 0.614930 0.921032 0.574825 0.338168 0.012829 0.630476 0.077800 0.931079 0.658081 0.114840 0.340409 0.381357 0.475066 0.421237 0.400883 0.691347 0.351222 0.418112 0.938421 0.594205 0.413308 0.708244 0.927391 0.237534 0.714108 0.075955 0.472520 0.357626 0.139868 0.291331 0.915941 0.425412 0.460970 0.693045 0.701539 0.327468 0.823963 0.468322 0.893498 0.092531 0.579246 0.929176 0.327656 0.632979 0.818285 0.875795 0.118123 0.096939 0.185928 0.157491 0.047326 0.818489 0.030363 0.554700 0.378998 0.738237 0.188421 0.779415 0.228271 0.496224 0.916163
0.023146 0.043540 0.912546 0.717105 0.077311 0.340663 0.559861 0.818147 0.519230 0.185130 0.736364 0.827507 0.226654 0.266347 0.823970 0.758065 0.562647 0.737276 0.001476 0.814717 0.124837 0.005385 0.602949 0.419716 0.831256 0.544624 0.409642 0.873028 0.468132 0.153871 0.466775 0.808508 0.386308 0.166124 0.517833 0.172127 0.699970 0.908146 0.855117 0.354891 0.940006 0.457908 0.397606 0.471179 0.516472 0.769841 0.995596 0.219381 0.386115 0.264869 0.037894 0.702161 0.834293 0.004390 0.355306 0.065985 0.316031 0.773658 0.841871 0.815635 0.639928 0.999056 0.316016 0.180248 0.449155 0.725955 0.900348 0.779552 0.828530 0.580209 0.127468 0.151669 0.158077 0.010609 0.328054 0.732430 0.472799 0.387045 0.413500 0.726433 0.856148 0.202735 0.590264 0.150923 0.332426 0.455384 0.193373 0.184724 0.249945 0.197061 0.579399 0.516810 0.989183 0.126342 0.062293 0.945845 0.677272 0.198250 0.268132 0.966384
0.877192 0.976506 0.905803 0.557670 0.253045 0.492218 0.553920 0.510035 0.475328 0.403029 0.841878 0.642214 0.564182 0.851053 0.439804 0.623498 0.312934 0.852049 0.983184 0.170156 0.456269 0.984972 0.533091 0.735951 0.296991 0.152093 0.854979 0.105488 0.752467 0.513461 0.186974 0.797913 0.603810 0.461458 0.424728 0.399149 0.549113 0.947185 0.105735 0.403443 0.207233 0.541469 0.109696 0.012485 0.842504 0.450068 0.128266 0.964057 0.599722 0.734036 0.480153 0.810236 0.303590 0.385586 0.533117 0.518102 0.186179 0.747157 0.134538 0.117667 0.946465 0.973237 0.092497 0.621241 0.305893 0.611573 0.918160 0.132032 0.484052 0.171546 0.070423 0.903324 0.739987 0.120931 0.282013 0.571280 0.102417 0.707504 0.883596 0.144507 0.560811 0.889935 0.122624 0.070414 0.210705 0.050124 0.157877 0.242457 0.007347 0.177107 0.442609 0.493142 0.417718 0.028964 0.874995 0.188310 0.400708 0.687223 0.375290 0.986203
0.905033 0.281493 0.917040 0.545529 0.159296 0.327664 0.761772 0.189757 0.104843 0.906061 0.571474 0.126428 0.730327 0.512120 0.518691 0.829032 0.308099 0.272092 0.224879 0.584721 0.791765 0.654486 0.440219 0.336848 0.218096 0.499452 0.674550 0.751783 0.125453 0.650993 0.458543 0.789624 0.443420 0.832310 0.791665 0.462575 0.772377 0.581228 0.845965 0.375658 0.891094 0.821785 0.841688 0.714528 0.895764 0.711907 0.808233 0.808551 0.125557 0.678571 0.108951 0.335875 0.000804 0.638087 0.873798 0.229057 0.054807 0.751885 0.343022 0.586421 0.858396 0.089475 0.053575 0.074573 0.534018 0.512242 0.097691 0.620951 0.248401 0.836795 0.459457 0.974057 0.775011 0.076780 0.301192 0.627726 0.467753 0.905766 0.798547 0.209154 0.382991 0.423634 0.038808 0.353776 0.991514 0.261173 0.027411 0.732894 0.741605 0.358890 0.710440 0.088163 0.306658 0.551872 0.732147 0.234967 0.463403 0.245825 0.631832 0.963314
0.301906 0.748525 0.636034 0.230019 0.891631 0.818313 0.185654 0.430095 0.125376 0.330250 0.797996 0.907508 0.194066 0.385784 0.701927 0.613319 0.829401 0.608989 0.519176 0.829181 0.263036 0.377781 0.291128 0.962175 0.477010 0.148668 0.361241 0.742429 0.347631 0.238177 0.416563 0.862327 0.774943 0.412140 0.267283 0.330238 0.062945 0.309822 0.199025 0.189740 0.602686 0.693390 0.477503 0.293344 0.160959 0.316128 0.261441 0.425647 0.882133 0.031938 0.097622 0.622366 0.404524 0.414264 0.088273 0.093991 0.939879 0.952542 0.761535 0.436204 0.176769 0.363538 0.250651 0.795181 0.577401 0.241641 0.607209 0.013417 0.110209 0.704501 0.128142 0.139153 0.785222 0.927250 0.859833 0.161212 0.035133 0.902787 0.559164 0.508942 0.640525 0.788987 0.783520 0.108068 0.783733 0.155324 0.544444 0.629993 0.460628 0.984128 0.680767 0.210239 0.612439 0.298845 0.300887 0.861732 0.449561 0.775278 0.314505 0.626569
0.679427 0.462780 0.263987 0.743324 0.642618 0.051444 0.987226 0.122776 0.952481 0.748507 0.287761 0.814930 0.065070 0.540626 0.237210 0.172764 0.987283 0.213303 0.339354 0.461747 0.772381 0.674120 0.086500 0.748003 0.161710 0.780801 0.457238 0.368234 0.413394 0.316903 0.979470 0.400288 0.167893 0.258195 0.799301 0.941274 0.345072 0.319853 0.515757 0.171552 0.811475 0.493266 0.549097 0.363753 0.716425 0.698196 0.773188 0.431903 0.668233 0.348814 0.028717 0.966980 0.949435 0.201425 0.839084 0.656325 0.339190 0.648886 0.213237 0.478099 0.978601 0.050651 0.221952 0.112262 0.089406 0.543006 0.983010 0.757994 0.431734 0.308662 0.316405 0.379420 0.624514 0.788172 0.779875 0.545954 0.317441 0.403048 0.318113 0.534058 0.653224 0.449569 0.277033 0.118966 0.764843 0.316017 0.458698 0.701860 0.251748 0.813755 0.432525 0.611160 0.307116 0.000063 0.890186 0.166458 0.709051 0.914141 0.899452 0.526231
0.121776 0.202759 0.570792 0.501287 0.385360 0.002710 0.066896 0.683405 0.265201 0.725511 0.351707 0.301472 0.396718 0.539268 0.320835 0.753185 0.142307 0.813759 0.538291 0.966121 0.394295 0.242530 0.602439 0.657121 0.474457 0.632044 0.660071 0.925201 0.240379 0.857629 0.359515 0.866627 0.933815 0.041761 0.055758 0.569340 0.785048 0.948637 0.432907 0.758058 0.869685 0.207985 0.740523 0.870422 0.908349 0.794961 0.642824 0.380518 0.894539 0.176121 0.846557 0.555954 0.820286 0.244971 0.045298 0.936921 0.461871 0.367934 0.651881 0.454403 0.969682 0.103732 0.454741 0.429162 0.429585 0.113416 0.053397 0.807942 0.315173 0.690704 0.016467 0.997401 0.723143 0.499747 0.625933 0.328126 0.347482 0.969732 0.032530 0.616254 0.766751 0.635999 0.118003 0.025949 0.773149 0.646582 0.706070 0.162163 0.387040 0.644242 0.037314 0.175035 0.643834 0.291032 0.165745 0.045073 0.208996 0.419820 0.295635 0.085541
0.904809 0.940575 0.125469 0.218219 0.821252 0.423296 0.016182 0.056637 0.660051 0.522154 0.524644 0.891726 0.005958 0.466645 0.902040 0.409490 0.221968 0.041340 0.088496 0.246647 0.859203 0.594237 0.407443 0.634112 0.209456 0.355161 0.331451 0.343851 0.400761 0.908212 0.962369 0.434900 0.423643 0.325946 0.227698 0.774584 0.976931 0.786842 0.160857 0.056925 0.919715 0.947343 0.588062 0.926733 0.016405 0.310578 0.446931 0.906173 0.535542 0.993716 0.669386 0.285498 0.699548 0.447139 0.649669 0.790552 0.940391 0.051049 0.028919 0.299833 0.705656 0.379525 0.109874 0.844273 0.903583 0.371193 0.250119 0.099990 0.400204 0.472883 0.617368 0.756624 0.998767 0.603464 0.542178 0.208503 0.000936 0.130749 0.122864 0.862662 0.633589 0.047328 0.469449 0.565515 0.806545 0.641470 0.163419 0.763336 0.558152 0.923514 0.898665 0.498934 0.350790 0.571993 0.485886 0.586001 0.271900 0.891102 0.838341 0.301148
0.751525 0.351198 0.672660 0.473406 0.833905 0.405322 0.267036 0.136005 0.756975 0.098706 0.266938 0.797957 0.056836 0.590856 0.307482 0.077645 0.071932 0.692060 0.700974 0.283918 0.509615 0.230858 0.297494 0.312933 0.040001 0.376346 0.762078 0.854076 0.707004 0.370768 0.238771 0.852215 0.530309 0.995374 0.602119 0.810472 0.647059 0.657602 0.777187 0.216001 0.762483 0.650767 0.066125 0.623234 0.733721 0.372126 0.306489 0.022384 0.511028 0.057089 0.850964 0.342495 0.889701 0.934274 0.072469 0.295074 0.881062 0.588012 0.843916 0.195611 0.705529 0.769440 0.602181 0.360877 0.477671 0.809055 0.169081 0.817348 0.832684 0.742690 0.980101 0.636029 0.907618 0.917402 0.627539 0.802686 0.274808 0.625087 0.991580 0.365691 0.066255 0.981596 0.967931 0.685485 0.428950 0.097979 0.531330 0.414018 0.112998 0.368185 0.624627 0.872799 0.369104 0.180850 0.243224 0.895327 0.741454 0.081811 0.659064 0.813477
0.910605 0.835101 0.061128 0.330136 0.902835 0.660107 0.037781 0.330536 0.557723 0.333917 0.981103 0.412879 0.082427 0.108059 0.937351 0.003627 0.900399 0.081330 0.271035 0.279417 0.077300 0.240115 0.004564 0.877208 0.237304 0.819877 0.058421 0.854533 0.652054 0.083429 0.745482 0.148203 0.602553 0.052985 0.904549 0.376833 0.716804 0.882476 0.631075 0.070463 0.970387 0.473771 0.812602 0.550698 0.005791 0.354133 0.269454 0.040232 0.292192 0.650953 0.635167 0.450916 0.285054 0.379466 0.492898 0.508791 0.709439 0.269929 0.741351 0.111731 0.765386 0.026817 0.216224 0.541682 0.498085 0.425916 0.018357 0.610425 0.671451 0.848906 0.320052 0.028506 0.149925 0.868948 0.097822 0.098973 0.260759 0.076278 0.667645 0.453119 0.007673 0.297024 0.061166 0.928445 0.407644 0.481283 0.162602 0.209211 0.544771 0.242393 0.901178 0.058393 0.280728 0.369372 0.154702 0.564382 0.171012 0.172056 0.784645 0.700299
0.140521 0.686760 0.321659 0.518238 0.091810 0.923768 0.415994 0.504026 0.354354 0.200639 0.438424 0.684799 0.978047 0.104680 0.658029 0.536213 0.565337 0.230606 0.381107 0.717517 0.831915 0.794259 0.241344 0.840144 0.205317 0.331067 0.123234 0.296607 0.828072 0.131200 0.516891 0.493032 0.753075 0.240268 0.725995 0.817758 0.818078 0.731841 0.739480 0.726674 0.621036 0.502129 0.821486 0.647534 0.614361 0.609509 0.501505 0.124349 0.770407 0.488008 0.785947 0.055535 0.765785 0.027470 0.581867 0.089737 0.584575 0.961328 0.171576 0.689691 0.433479 0.604956 0.923945 0.307541 0.064304 0.558436 0.707597 0.028905 0.478141 0.020206 0.690165 0.074640 0.468573 0.962560 0.523816 0.354446 0.137493 0.975487 0.968423 0.546396 0.084214 0.402419 0.237743 0.992217 0.310027 0.996323 0.338671 0.104024 0.511944 0.551313 0.780087 0.322075 0.906176 0.922133 0.636841 0.444918 0.471151 0.273805 0.135814 0.278950
0.422530 0.278397 0.957627 0.365583 0.550704 0.378577 0.751146 0.941686 0.375021 0.157211 0.472799 0.853373 0.731604 0.807038 0.368737 0.259557 0.009625 0.951122 0.216090 0.160275 0.113416 0.351138 0.146582 0.671330 0.309008 0.865540 0.106057 0.324966 0.456594 0.565556 0.210684 0.829885 0.691796 0.726784 0.310143 0.433794 0.209408 0.510466 0.667069 0.944091 0.040418 0.184040 0.952539 0.945998 0.542949 0.000614 0.718031 0.066674 0.396672 0.006697 0.913159 0.995790 0.273494 0.354563 0.438623 0.192258 0.646263 0.702743 0.414019 0.243723 0.196877 0.736895 0.812677 0.972902 0.149776 0.528982 0.501088 0.602984 0.739212 0.894219 0.918069 0.887347 0.652297 0.054229 0.452826 0.240103 0.217125 0.314879 0.415110 0.523189 0.472877 0.596535 0.016461 0.726542 0.964683 0.858251 0.051582 0.456816 0.538675 0.852371 0.301830 0.475391 0.120206 0.754850 0.695422 0.399771 0.505505 0.914477 0.640277 0.233216
0.300434 0.449005 0.741055 0.969474 0.042227 0.328028 0.180270 0.500742 0.010529 0.033548 0.300578 0.779448 0.419225 0.005381 0.363703 0.058431 0.629173 0.947754 0.348339 0.008356 0.137417 0.216932 0.832922 0.761493 0.215422 0.398022 0.228790 0.801246 0.895266 0.924912 0.289656 0.226430 0.560258 0.301611 0.582680 0.494815 0.315332 0.943629 0.741356 0.110775 0.062039 0.828691 0.194416 0.008388 0.552624 0.133756 0.531234 0.455587 0.544040 0.345610 0.083740 0.314383 0.321445 0.950113 0.405558 0.871890 0.616739 0.144865 0.282064 0.979354 0.367631 0.852770 0.667031 0.633922 0.989304 0.285111 0.398319 0.568302 0.301114 0.185635 0.284868 0.689987 0.892149 0.535452 0.118446 0.982573 0.401512 0.077244 0.571594 0.030601 0.577879 0.767815 0.873882 0.230142 0.729147 0.344224 0.551352 0.778107 0.707184 0.290693 0.209647 0.350310 0.567701 0.653379 0.025283 0.394723 0.797047 0.461880 0.076036 0.050453
0.295143 0.811045 0.721656 0.661173 0.122732 0.501467 0.495145 0.075329 0.425006 0.320174 0.765293 0.220790 0.238611 0.292173 0.192002 0.817254 0.182190 0.206229 0.938893 0.561389 0.552908 0.584652 0.400970 0.914140 0.139182 0.023217 0.861499 0.763583 0.799415 0.300093 0.856896 0.810064 0.138327 0.876961 0.172350 0.947832 0.531283 0.476484 0.087319 0.672334 0.511765 0.115275 0.691455 0.796037 0.711304 0.283972 0.192079 0.688179 0.051362 0.939968 0.763691 0.189764 0.108945 0.668432 0.978342 0.942228 0.147529 0.986365 0.689741 0.138751 0.269485 0.073746 0.365763 0.963074 0.681185 0.319652 0.724299 0.786575 0.687345 0.590352 0.490848 0.604785 0.999067 0.982289 0.782470 0.793484 0.327852 0.936434 0.413197 0.896261 0.138434 0.645167 0.545041 0.016234 0.873151 0.537479 0.049411 0.369691 0.577443 0.527546 0.838001 0.167317 0.388433 0.966036 0.927104 0.980557 0.671238 0.435165 0.112318 0.459767
0.752127 0.690620 0.899958 0.491691 0.649699 0.443944 0.959187 0.997137 0.762033 0.463023 0.296340 0.876364 0.250874 0.335325 0.741670 0.055820 0.144159 0.779298 0.022566 0.245648 0.841931 0.399572 0.154061 0.669360 0.165386 0.744385 0.366876 0.125259 0.371903 0.851021 0.934561 0.252881 0.562055 0.395813 0.981449 0.274226 0.879020 0.135883 0.483652 0.842375 0.249154 0.715608 0.689477 0.726805 0.576099 0.702948 0.975509 0.347638 0.644294 0.530536 0.295080 0.275773 0.011257 0.928364 0.012381 0.229238 0.621498 0.600188 0.434818 0.512934 0.891408 0.339977 0.332215 0.709869 0.978830 0.086767 0.474410 0.651554 0.536499 0.209059 0.528847 0.594219 0.501917 0.501843 0.712081 0.282625 0.931670 0.454661 0.766448 0.037841 0.304924 0.644022 0.623590 0.706183 0.786635 0.607353 0.640178 0.225196 0.197542 0.174191 0.654434 0.660758 0.592096 0.253569 0.185445 0.041064 0.053966 0.887935 0.373820 0.212956
0.340113 0.796411 0.144477 0.419862 0.378780 0.225057 0.497999 0.704054 0.754414 0.508410 0.020552 0.712205 0.725005 0.983982 0.317151 0.934417 0.255894 0.950014 0.585484 0.678641 0.047231 0.771620 0.000115 0.721974 0.907783 0.764975 0.106463 0.928483 0.755925 0.754549 0.173086 0.980203 0.295766 0.428675 0.897928 0.050343 0.616298 0.769384 0.628252 0.846759 0.219815 0.266609 0.298970 0.445068 0.370745 0.377246 0.264522 0.111578 0.130415 0.172792 0.144391 0.402684 0.037754 0.956158 0.279434 0.700448 0.046320 0.772426 0.925192 0.404295 0.718909 0.699682 0.345034 0.585578 0.158911 0.920079 0.160940 0.207060 0.789181 0.354255 0.628756 0.361067 0.714636 0.092180 0.154226 0.946193 0.977213 0.699597 0.420024 0.779790 0.264242 0.658874 0.250743 0.850877 0.733489 0.049083 0.943054 0.771565 0.504252 0.378356 0.760906 0.412434 0.838291 0.792157 0.687557 0.341598 0.048773 0.734397 0.888907 0.235908
0.816554 0.107371 0.111725 0.171852 0.271671 0.764150 0.589938 0.606438 0.329985 0.538494 0.425515 0.672451 0.637625 0.224878 0.156432 0.156755 0.267286 0.181826 0.295183 0.712558 0.005697 0.555617 0.430059 0.219770 0.912944 0.122189 0.416132 0.377013 0.959791 0.964303 0.234636 0.463370 0.464188 0.316781 0.616184 0.732187 0.763703 0.414720 0.035287 0.428460 0.989243 0.048858 0.765741 0.848017 0.256982 0.661224 0.330536 0.099783 0.581738 0.509151 0.073778 0.297176 0.745899 0.729608 0.659500 0.757829 0.968022 0.149352 0.025264 0.772826 0.536475 0.095499 0.760769 0.490636 0.955158 0.365174 0.317772 0.852268 0.046922 0.936404 0.610856 0.178948 0.613166 0.784134 0.585686 0.773412 0.968119 0.104075 0.052351 0.612155 0.985182 0.963307 0.365615 0.382253 0.540096 0.681870 0.699360 0.984979 0.094565 0.924868 0.840223 0.554875 0.669132 0.665275 0.603787 0.919670 0.406304 0.723897 0.639302 0.293883
0.286443 0.844270 0.272136 0.158379 0.942153 0.181621 0.412588 0.876756 0.662079 0.076984 0.188611 0.692269 0.862643 0.879514 0.433346 0.098400 0.615843 0.815233 0.215535 0.265175 0.514389 0.136675 0.051440 0.883232 0.712993 0.448096 0.738573 0.753870 0.614042 0.733929 0.991709 0.521576 0.654120 0.254296 0.095729 0.810151 0.476960 0.042965 0.056238 0.946859 0.323427 0.477809 0.109917 0.104876 0.296991 0.856588 0.775355 0.565987 0.512868 0.062648 0.679567 0.863254 0.338819 0.138289 0.758875 0.566856 0.584939 0.717046 0.392127 0.433344 0.957591 0.413868 0.689671 0.127413 0.252443 0.396513 0.553143 0.203391 0.290390 0.066413 0.520925 0.762704 0.555327 0.005108 0.389026 0.404505 0.589364 0.161479 0.550160 0.707539 0.601217 0.282432 0.568080 0.643985 0.367062 0.722428 0.371988 0.735193 0.274257 0.646557 0.505546 0.615610 0.713879 0.422598 0.166207 0.308500 0.154312 0.955679 0.912885 0.282531
0.163600 0.281686 0.441349 0.006033 0.605525 0.082880 0.108116 0.031330 0.927408 0.149242 0.249517 0.244147 0.784641 0.543771 0.912607 0.111564 0.700133 0.702965 0.178281 0.133662 0.680963 0.940345 0.250053 0.714436 0.350923 0.359886 0.385447 0.603000 0.888693 0.627425 0.340550 0.407965 0.278649 0.631462 0.842814 0.369924 0.005528 0.805252 0.140589 0.402438 0.035775 0.350263 0.369854 0.672589 0.171769 0.761275 0.151594 0.685893 0.656110 0.453002 0.449121 0.573184 0.995871 0.256786 0.634736 0.583941 0.561589 0.014335 0.825716 0.194317 0.366539 0.219845 0.769081 0.862121 0.266942 0.683462 0.643487 0.607886 0.648635 0.312389 0.855476 0.082235 0.209800 0.831878 0.052277 0.583189 0.881974 0.637941 0.268085 0.852457 0.146164 0.240538 0.196153 0.880750 0.972326 0.174779 0.724104 0.890929 0.831556 0.055407 0.226377 0.588014 0.359450 0.753339 0.597945 0.399135 0.175290 0.533883 0.627554 0.666199
0.549770 0.597435 0.011226 0.971921 0.204027 0.625895 0.012668 0.229047 0.250849 0.907102 0.551975 0.753153 0.528254 0.646734 0.136499 0.289914 0.612293 0.991410 0.545757 0.973699 0.545248 0.655350 0.704484 0.475172 0.164949 0.669584 0.477575 0.612643 0.439299 0.661738 0.045073 0.842311 0.956621 0.316014 0.242017 0.907853 0.668670 0.220429 0.682303 0.691685 0.293677 0.776970 0.252565 0.656747 0.432661 0.535836 0.877358 0.931740 0.571213 0.268020 0.142548 0.723895 0.269925 0.909644 0.269394 0.541227 0.572395 0.915976 0.894433 0.517367 0.198280 0.115942 0.620977 0.190575 0.279515 0.195815 0.327246 0.704398 0.703210 0.132453 0.273251 0.893837 0.110279 0.784404 0.933325 0.256531 0.599721 0.394428 0.359096 0.110814 0.614346 0.066713 0.253511 0.415624 0.703883 0.849083 0.690013 0.827476 0.131995 0.263571 0.151295 0.704053 0.499834 0.825631 0.884187 0.905542 0.326984 0.587328 0.683436 0.145368
0.512576 0.928644 0.792649 0.651803 0.778293 0.594710 0.959064 0.865959 0.798440 0.615191 0.985927 0.453295 0.704278 0.868441 0.812177 0.730412 0.464142 0.972303 0.579942 0.800456 0.404458 0.115905 0.339150 0.408964 0.319159 0.171975 0.555195 0.534629 0.167085 0.230247 0.668087 0.502417 0.309981 0.978066 0.476551 0.093961 0.167715 0.534990 0.480124 0.261622 0.197451 0.771331 0.990535 0.113979 0.566086 0.653954 0.694951 0.888565 0.755087 0.564194 0.590140 0.794883 0.752441 0.651849 0.025428 0.220538 0.784611 0.555887 0.843386 0.113167 0.803716 0.195739 0.003989 0.561158 0.165525 0.748389 0.461835 0.946757 0.802188 0.111177 0.519015 0.906840 0.609268 0.074311 0.860613 0.468118 0.879995 0.954043 0.411103 0.766640 0.267517 0.367466 0.038666 0.075316 0.653464 0.637344 0.648105 0.163758 0.309599 0.124103 0.545463 0.721330 0.496817 0.282419 0.169689 0.161537 0.369884 0.165026 0.527435 0.816436
0.598936 0.544935 0.173151 0.521133 0.564032 0.411092 0.512535 0.258441 0.980379 0.556969 0.020117 0.001204 0.877721 0.491904 0.189153 0.330781 0.045030 0.983486 0.056525 0.729247 0.416310 0.064178 0.246627 0.204239 0.627712 0.542489 0.488127 0.792578 0.157407 0.302148 0.743019 0.387132 0.075089 0.090691 0.625014 0.711104 0.390533 0.069304 0.837274 0.587856 0.403811 0.144525 0.277670 0.758024 0.304239 0.799150 0.708149 0.700055 0.505125 0.783933 0.005411 0.206129 0.741708 0.634998 0.845453 0.860402 0.521645 0.036568 0.288443 0.209560 0.498350 0.160765 0.526273 0.237254 0.142568 0.377705 0.302985 0.783722 0.992770 0.217390 0.668642 0.089023 0.675206 0.549593 0.939611 0.452425 0.131375 0.216209 0.239784 0.523248 0.724598 0.931112 0.029413 0.709873 0.641360 0.775845 0.000856 0.703381 0.060804 0.916214 0.699120 0.988141 0.765340 0.020785 0.420948 0.427904 0.044218 0.106848 0.811384 0.804402
0.230380 0.642670 0.760336 0.334442 0.678684 0.316803 0.100949 0.107694 0.511551 0.924015 0.255632 0.004725 0.804227 0.020029 0.722080 0.830616 0.783718 0.470005 0.298962 0.591404 0.616182 0.943856 0.246853 0.472661 0.648774 0.854265 0.466005 0.306848 0.076316 0.790124 0.313264 0.643468 0.463408 0.844911 0.826262 0.277492 0.239315 0.129146 0.363442 0.691639 0.096295 0.933834 0.340606 0.115347 0.004197 0.624917 0.511937 0.933115 0.709456 0.497520 0.907426 0.462633 0.225860 0.221115 0.672507 0.007860 0.117577 0.828870 0.688576 0.105414 0.662980 0.679935 0.958074 0.478376 0.279795 0.722335 0.782378 0.642706 0.586980 0.967374 0.609536 0.468305 0.982333 0.883801 0.215305 0.052856 0.874550 0.153501 0.767131 0.290906 0.374318 0.622962 0.625716 0.267196 0.288623 0.002037 0.197607 0.548754 0.971712 0.362609 0.651254 0.844608 0.385988 0.317769 0.318602 0.749781 0.114134 0.108996 0.640975 0.163611
0.146103 0.137919 0.397459 0.623049 0.139237 0.083105 0.985076 0.725766 0.680296 0.660504 0.866714 0.031556 0.737405 0.520696 0.961910 0.778396 0.910100 0.530652 0.279029 0.054594 0.337581 0.985868 0.412521 0.139780 0.953737 0.441924 0.211822 0.402242 0.086591 0.331410 0.493298 0.719411 0.530414 0.305969 0.266550 0.529524 0.280558 0.540587 0.786051 0.450673 0.724240 0.940329 0.967380 0.635559 0.485776 0.391304 0.048161 0.807150 0.046920 0.886437 0.077757 0.775273 0.909583 0.863005 0.243177 0.452244 0.728878 0.621991 0.167492 0.819045 0.591618 0.534573 0.928909 0.580422 0.129114 0.861062 0.365842 0.858175 0.240738 0.633725 0.624360 0.722248 0.823336 0.438357 0.028320 0.552635 0.935447 0.690126 0.430078 0.406465 0.001897 0.449722 0.887824 0.681666 0.442647 0.170152 0.048354 0.255532 0.376677 0.111463 0.402228 0.731519 0.524776 0.452705 0.398258 0.425907 0.762828 0.811341 0.523318 0.421242
0.734552 0.014341 0.648460 0.257005 0.244770 0.827503 0.251483 0.549154 0.262110 0.001014 0.310535 0.927961 0.672175 0.304341 0.056698 0.402725 0.625127 0.633793 0.658015 0.791646 0.248491 0.301125 0.519809 0.086731 0.509466 0.164676 0.250461 0.556895 0.750079 0.042877 0.456542 0.600117 0.718381 0.029752 0.124586 0.144885 0.596266 0.226854 0.913281 0.713465 0.761026 0.719480 0.684180 0.417337 0.677846 0.843261 0.247687 0.293327 0.004984 0.361559 0.825458 0.040018 0.155058 0.944026 0.785545 0.034578 0.410103 0.590791 0.635175 0.003084 0.163116 0.318641 0.733049 0.615302 0.102497 0.191730 0.272880 0.169237 0.627719 0.827277 0.010302 0.065127 0.497217 0.469376 0.629274 0.328347 0.023554 0.226329 0.161968 0.346031 0.776070 0.346838 0.738843 0.303475 0.747024 0.798693 0.273492 0.230948 0.224355 0.692192 0.539942 0.430188 0.114967 0.010617 0.975552 0.258239 0.746493 0.775635 0.179165 0.325513
0.799326 0.146309 0.520457 0.474070 0.348289 0.096280 0.105475 0.866901 0.909728 0.278795 0.699217 0.563429 0.340967 0.593492 0.614732 0.605982 0.498964 0.717581 0.884570 0.235713 0.194621 0.431827 0.437031 0.068539 0.457328 0.371748 0.912983 0.760683 0.047486 0.050339 0.043792 0.451797 0.901809 0.906386 0.731939 0.133263 0.268478 0.489993 0.018660 0.803456 0.570283 0.207962 0.043492 0.813519 0.256923 0.775173 0.520780 0.862524 0.516299 0.309240 0.399142 0.431673 0.913108 0.293561 0.101290 0.733031 0.334776 0.997471 0.958653 0.976663 0.685191 0.009958 0.498593 0.902312 0.236475 0.748404 0.021557 0.427555 0.636633 0.204047 0.145111 0.723139 0.835181 0.422429 0.347606 0.775733 0.967606 0.463470 0.085256 0.853979 0.691065 0.964524 0.984172 0.840283 0.077319 0.679785 0.593838 0.109618 0.169179 0.110521 0.060015 0.959272 0.269214 0.682283 0.853664 0.696055 0.935782 0.633671 0.735849 0.698417
0.712033 0.206827 0.487550 0.766236 0.417254 0.769674 0.702727 0.924778 0.116207 0.904099 0.495606 0.100011 0.078565 0.673193 0.697606 0.532257 0.792035 0.365554 0.817416 0.898353 0.353813 0.736780 0.935366 0.556906 0.982104 0.481075 0.236899 0.181223 0.128000 0.068250 0.189139 0.028570 0.282411 0.050877 0.155564 0.748790 0.673146 0.091886 0.725079 0.735472 0.937520 0.877792 0.823986 0.958748 0.342418 0.448455 0.220628 0.021724 0.004688 0.018937 0.341091 0.301780 0.364132 0.147038 0.751484 0.820394 0.196748 0.186960 0.276669 0.613000 0.387109 0.791002 0.697680 0.514346 0.454164 0.572958 0.089469 0.104206 0.878096 0.828663 0.789158 0.130618 0.153757 0.164672 0.596043 0.215047 0.316969 0.821193 0.395270 0.057807 0.038879 0.623522 0.016623 0.309045 0.192990 0.028746 0.914918 0.902527 0.331123 0.437428 0.366057 0.895655 0.578083 0.324569 0.569707 0.110542 0.684996 0.758470 0.854540 0.240637
0.390302 0.132377 0.828827 0.032961 0.396143 0.136250 0.679083 0.964348 0.150106 0.909935 0.264028 0.941036 0.701407 0.244470 0.541730 0.311482 0.260730 0.072746 0.745987 0.797393 0.235218 0.809045 0.462380 0.204680 0.593612 0.922095 0.110004 0.075988 0.527459 0.416068 0.569516 0.058535 0.647290 0.404738 0.858972 0.486099 0.201735 0.338410 0.458851 0.301233 0.811247 0.403395 0.203750 0.714339 0.590734 0.804040 0.539180 0.458665 0.860595 0.434959 0.229273 0.581699 0.546965 0.921499 0.050117 0.663328 0.519521 0.656893 0.198071 0.174286 0.147814 0.698662 0.018368 0.126960 0.643409 0.095076 0.250368 0.166063 0.429847 0.310533 0.705966 0.402986 0.603576 0.999583 0.859156 0.697675 0.004040 0.307520 0.828891 0.502901 0.764962 0.894792 0.874826 0.854908 0.637507 0.561998 0.392281 0.963085 0.828048 0.653732 0.027176 0.706630 0.765946 0.769013 0.055593 0.225543 0.900269 0.053344 0.432365 0.402797
0.930977 0.667531 0.782843 0.431033 0.678315 0.364333 0.924899 0.046929 0.345692 0.393098 0.953307 0.637336 0.168848 0.107816 0.080178 0.044168 0.431722 0.358451 0.275561 0.507517 0.928841 0.910683 0.147916 0.792953 0.420248 0.066654 0.989080 0.273224 0.759569 0.107306 0.218488 0.133937 0.352284 0.751167 0.081140 0.288049 0.971201 0.290880 0.261449 0.076503 0.373768 0.417210 0.085295 0.389613 0.123150 0.884217 0.460618 0.759603 0.083639 0.795444 0.565579 0.448212 0.643864 0.286181 0.308551 0.588846 0.026232 0.447430 0.743874 0.598970 0.872338 0.087227 0.950019 0.272672 0.572159 0.439691 0.967235 0.714025 0.085722 0.168621 0.297264 0.581344 0.611954 0.269776 0.015987 0.309826 0.483780 0.555034 0.451530 0.584194 0.123416 0.951438 0.623860 0.589877 0.025329 0.452318 0.734840 0.744695 0.222388 0.342239 0.533233 0.276575 0.823026 0.159177 0.896668 0.605579 0.300426 0.885919 0.580546 0.849833
0.471565 0.600471 0.603020 0.090528 0.807631 0.410012 0.635993 0.308550 0.767725 0.400272 0.231751 0.040611 0.328917 0.633619 0.319348 0.172584 0.831664 0.945358 0.931253 0.647368 0.996761 0.055447 0.453247 0.405181 0.731528 0.464481 0.730413 0.392347 0.600435 0.335754 0.376456 0.259087 0.839120 0.396495 0.347788 0.391582 0.741521 0.594487 0.140268 0.835852 0.646638 0.565209 0.949914 0.126404 0.052227 0.205827 0.160448 0.354229 0.949653 0.302061 0.554234 0.576105 0.009194 0.588924 0.929497 0.379902 0.140468 0.786086 0.997558 0.780123 0.763026 0.485497 0.505852 0.416119 0.209793 0.128595 0.891013 0.311878 0.612458 0.628037 0.655105 0.917010 0.920993 0.425792 0.197351 0.534499 0.727435 0.720431 0.438886 0.080168 0.940194 0.531226 0.659353 0.516596 0.153163 0.793928 0.641132 0.163536 0.482602 0.044641 0.365631 0.995472 0.836841 0.683330 0.643226 0.619188 0.341760 0.254305 0.202825 0.055425
0.540832 0.127333 0.486629 0.119035 0.398348 0.705179 0.784477 0.226810 0.080280 0.390214 0.911036 0.027507 0.802069 0.655714 0.669176 0.512494 0.380875 0.932909 0.710784 0.999724 0.144915 0.321362 0.111875 0.435407 0.435201 0.139273 0.140436 0.707426 0.195293 0.885575 0.384837 0.843985 0.727228 0.476632 0.217471 0.807333 0.254028 0.631520 0.195761 0.621822 0.139565 0.860510 0.276287 0.165513 0.200494 0.090415 0.970572 0.745138 0.121085 0.339185 0.113165 0.003573 0.003229 0.620646 0.898843 0.276426 0.924656 0.417418 0.462169 0.021361 0.435716 0.144301 0.889965 0.542039 0.980035 0.530040 0.833991 0.349096 0.432159 0.107256 0.438395 0.811704 0.000453 0.993465 0.169026 0.646349 0.949796 0.342506 0.321229 0.959182 0.603270 0.974262 0.988420 0.891815 0.094179 0.899640 0.051178 0.725353 0.812704 0.213338 0.635626 0.829714 0.822886 0.190866 0.522595 0.620577 0.787596 0.869657 0.657831 0.964633
0.703257 0.061440 0.723972 0.065923 0.129021 0.062649 0.018580 0.868335 0.099182 0.001028 0.077127 0.466895 0.073053 0.824230 0.314472 0.330444 0.164644 0.980352 0.105804 0.478964 0.660064 0.152310 0.344882 0.124260 0.922478 0.498130 0.803532 0.645575 0.477435 0.334029 0.339421 0.159968 0.854861 0.790417 0.168415 0.405768 0.810598 0.496510 0.534718 0.622519 0.779383 0.931751 0.019761 0.156818 0.662275 0.827874 0.650197 0.220580 0.784543 0.646917 0.736520 0.643321 0.109679 0.223880 0.197498 0.133627 0.012846 0.400489 0.675763 0.716772 0.272914 0.477780 0.718900 0.943571 0.153195 0.428693 0.771443 0.529944 0.217690 0.258035 0.101159 0.274120 0.867351 0.868242 0.658146 0.963615 0.014188 0.985932 0.606761 0.993344 0.320752 0.108126 0.353059 0.892680 0.136244 0.675912 0.446505 0.891720 0.236627 0.692711 0.805014 0.792403 0.260499 0.909440 0.902606 0.528722 0.354183 0.978600 0.701602 0.969150
0.922328 0.362127 0.701246 0.396460 0.770729 0.884290 0.371404 0.771928 0.450876 0.287206 0.713374 0.605738 0.215938 0.295288 0.425925 0.662147 0.117028 0.522144 0.635549 0.843333 0.088392 0.593914 0.352855 0.536516 0.545337 0.768424 0.857311 0.225167 0.705353 0.852622 0.584754 0.972365 0.789282 0.173905 0.512398 0.641803 0.653132 0.532241 0.917294 0.487095 0.157878 0.554810 0.674596 0.159451 0.392559 0.536411 0.826956 0.907181 0.257632 0.196885 0.484945 0.342902 0.823943 0.326830 0.519367 0.175913 0.196230 0.066699 0.990021 0.739121 0.115397 0.122698 0.648676 0.175858 0.346848 0.571581 0.523555 0.968946 0.501513 0.492062 0.999429 0.738903 0.202700 0.334198 0.649660 0.571976 0.675582 0.476000 0.542351 0.409488 0.635308 0.404607 0.709109 0.534295 0.845586 0.857362 0.111495 0.190919 0.289087 0.892972 0.315692 0.050081 0.182694 0.879054 0.610982 0.407525 0.559646 0.896256 0.750553 0.232979
0.486594 0.231847 0.659312 0.333013 0.402430 0.295926 0.078296 0.870949 0.800793 0.152935 0.095708 0.756988 0.857149 0.415376 0.703998 0.364123 0.164757 0.868850 0.483165 0.736073 0.002411 0.642819 0.369145 0.227259 0.765301 0.104165 0.134064 0.092542 0.408708 0.668608 0.542531 0.674807 0.513043 0.025467 0.313011 0.905430 0.799432 0.592745 0.420225 0.032780 0.494018 0.037601 0.173439 0.940181 0.865505 0.825031 0.567858 0.021655 0.743980 0.761034 0.968971 0.471783 0.793359 0.180562 0.888690 0.096868 0.909873 0.030291 0.306654 0.302267 0.540448 0.226674 0.445348 0.833881 0.261161 0.865084 0.478596 0.049775 0.809278 0.040801 0.463398 0.343874 0.453388 0.706069 0.517237 0.788944 0.830705 0.796019 0.153412 0.131445 0.569623 0.750953 0.306442 0.250759 0.066850 0.241052 0.351968 0.274454 0.666704 0.895391 0.132675 0.510397 0.549609 0.004111 0.297547 0.338325 0.374212 0.387626 0.678914 0.617340
0.157464 0.241589 0.033029 0.797232 0.588578 0.419833 0.554811 0.365698 0.542637 0.085186 0.887655 0.241113 0.301084 0.658566 0.680900 0.179468 0.721199 0.463532 0.692810 0.596453 0.901034 0.645022 0.241571 0.465918 0.193892 0.026303 0.607605 0.475819 0.126034 0.000757 0.278719 0.253469 0.189819 0.169510 0.217459 0.661373 0.987367 0.528565 0.280319 0.852541 0.694044 0.860897 0.045924 0.350825 0.698979 0.345990 0.250213 0.808348 0.552282 0.271483 0.609375 0.986731 0.985995 0.510159 0.128073 0.821740 0.142392 0.338180 0.726137 0.955160 0.877249 0.276118 0.773045 0.765998 0.858161 0.578365 0.094347 0.393856 0.507928 0.966699 0.072759 0.402804 0.797256 0.711415 0.443148 0.960614 0.405400 0.956323 0.059467 0.455292 0.938906 0.747930 0.589158 0.428906 0.295988 0.518015 0.950785 0.433138 0.350391 0.230002 0.515215 0.088798 0.195338 0.089570 0.076531 0.029798 0.697433 0.531623 0.771913 0.607929
0.335988 0.080630 0.451674 0.260335 0.055877 0.457267 0.455604 0.087957 0.052609 0.219437 0.224414 0.062976 0.784126 0.639929 0.561330 0.550883 0.839987 0.478367 0.084993 0.934721 0.453598 0.246637 0.275436 0.993528 0.552842 0.441900 0.670442 0.136949 0.211848 0.669855 0.465002 0.089417 0.429620 0.553250 0.380965 0.458947 0.833942 0.629880 0.381161 0.147432 0.194687 0.289009 0.159310 0.016290 0.238922 0.675788 0.733237 0.217973 0.879774 0.882940 0.656555 0.682045 0.437060 0.056150 0.082854 0.324572 0.833993 0.685062 0.405387 0.314143 0.885357 0.861374 0.046376 0.221026 0.447519 0.784751 0.490109 0.656497 0.396060 0.878029 0.032050 0.961795 0.875748 0.546581 0.827869 0.783116 0.209950 0.886759 0.201752 0.738850 0.877943 0.680265 0.977554 0.489447 0.199106 0.295145 0.326394 0.536778 0.897150 0.534282 0.626387 0.568768 0.819616 0.833999 0.659304 0.626015 0.787837 0.152714 0.138047 0.273005
0.815275 0.580948 0.880558 0.880724 0.868299 0.848179 0.291294 0.969180 0.236873 0.773301 0.358832 0.006507 0.757467 0.310824 0.816304 0.874180 0.840339 0.047659 0.581100 0.150894 0.364122 0.256917 0.253665 0.458916 0.181507 0.056409 0.162241 0.252492 0.507214 0.408968 0.541028 0.152533 0.128868 0.094014 0.063196 0.343215 0.679884 0.927201 0.248995 0.613345 0.616873 0.125583 0.219271 0.421289 0.103483 0.553945 0.665113 0.628802 0.469372 0.625248 0.940192 0.857639 0.465413 0.044715 0.833355 0.906814 0.836960 0.064462 0.501617 0.825173 0.348132 0.109607 0.596752 0.106278 0.345359 0.949937 0.741986 0.271774 0.178898 0.710542 0.825818 0.138645 0.530320 0.690446 0.463258 0.198990 0.264950 0.008266 0.735142 0.132539 0.875662 0.544149 0.755317 0.289986 0.739029 0.773181 0.621995 0.748339 0.680098 0.289531 0.066255 0.611006 0.342446 0.389829 0.802259 0.109719 0.348989 0.326600 0.295249 0.047412
0.624075 0.572129 0.092671 0.641218 0.227972 0.915752 0.547442 0.134198 0.787113 0.432252 0.390259 0.239352 0.195520 0.467281 0.713341 0.799274 0.292309 0.471480 0.050007 0.254071 0.407707 0.916413 0.620742 0.331027 0.443369 0.773577 0.577464 0.515996 0.689501 0.294836 0.219182 0.878220 0.286910 0.972452 0.160202 0.714936 0.385608 0.224987 0.340628 0.821097 0.858303 0.482412 0.333027 0.405113 0.402745 0.170332 0.940383 0.329159 0.541855 0.873310 0.357135 0.776448 0.022682 0.362327 0.458880 0.021387 0.541769 0.640475 0.817660 0.488171 0.123835 0.422199 0.310301 0.704522 0.564474 0.913634 0.482277 0.825229 0.349858 0.860305 0.084319 0.443329 0.586132 0.790666 0.909306 0.993315 0.144528 0.811042 0.082362 0.087655 0.047021 0.537532 0.970975 0.675162 0.084608 0.578383 0.372263 0.124715 0.595087 0.503565 0.335456 0.912462 0.329051 0.046847 0.898659 0.805587 0.410152 0.602167 0.469674 0.720835
0.511451 0.513765 0.395478 0.342627 0.882537 0.312292 0.811936 0.829986 0.892287 0.531737 0.052048 0.825798 0.133355 0.958629 0.042493 0.436384 0.974120 0.617171 0.282413 0.050029 0.338149 0.715049 0.133650 0.478809 0.056298 0.628037 0.316733 0.288144 0.992543 0.056017 0.170595 0.113617 0.065391 0.653733 0.104270 0.639186 0.309261 0.537709 0.198676 0.162481 0.991998 0.067443 0.263994 0.379500 0.652393 0.979752 0.595678 0.688680 0.186814 0.664198 0.211101 0.039129 0.197007 0.819597 0.219435 0.839658 0.010998 0.893432 0.385532 0.585040 0.237552 0.200621 0.139181 0.975908 0.105865 0.386566 0.705582 0.105291 0.816460 0.529175 0.307707 0.291354 0.418358 0.812657 0.988863 0.199546 0.525787 0.406807 0.384968 0.257134 0.885911 0.662856 0.567023 0.142163 0.321804 0.729513 0.514250 0.325255 0.253685 0.554715 0.921514 0.891519 0.898326 0.715777 0.862196 0.302119 0.564117 0.072222 0.876796 0.303333
0.718034 0.893983 0.097962 0.820836 0.766655 0.059089 0.056602 0.320534 0.162839 0.664716 0.828497 0.675550 0.294653 0.846044 0.617467 0.542719 0.755695 0.258680 0.526465 0.925702 0.439443 0.682741 0.980637 0.346715 0.272550 0.435124 0.103175 0.311479 0.829002 0.831394 0.697298 0.939475 0.164503 0.880256 0.888097 0.045103 0.882479 0.847752 0.630226 0.966789 0.499541 0.928634 0.978236 0.946901 0.277745 0.736485 0.613388 0.972560 0.415391 0.928596 0.990771 0.053382 0.919940 0.400663 0.882894 0.803625 0.860620 0.124791 0.046791 0.947787 0.874348 0.157161 0.209110 0.320501 0.386473 0.453788 0.012290 0.477393 0.959525 0.418809 0.564867 0.382832 0.412426 0.442005 0.245345 0.641740 0.270292 0.934839 0.841828 0.193698 0.605196 0.382683 0.801350 0.860812 0.081590 0.735228 0.351907 0.981912 0.438652 0.947494 0.006340 0.208509 0.113975 0.201633 0.050740 0.379343 0.056872 0.650358 0.940266 0.852493
0.827625 0.127534 0.732181 0.881287 0.243272 0.156167 0.144469 0.278635 0.625921 0.745513 0.381423 0.055850 0.729918 0.356406 0.716663 0.126174 0.405786 0.604843 0.132006 0.197093 0.192855 0.309307 0.737704 0.222774 0.666450 0.379424 0.586231 0.619549 0.512552 0.611964 0.941698 0.949420 0.217788 0.457027 0.698864 0.981840 0.870126 0.519531 0.740939 0.745264 0.573192 0.997525 0.787950 0.170647 0.388952 0.221029 0.906598 0.254559 0.015674 0.432275 0.333824 0.962522 0.401875 0.627838 0.560245 0.654193 0.869276 0.464070 0.588864 0.988702 0.141918 0.920755 0.093377 0.989043 0.863997 0.271402 0.449430 0.285380 0.144086 0.591607 0.756415 0.073845 0.646240 0.312470 0.012683 0.653277 0.442179 0.528615 0.099678 0.579054 0.863318 0.740518 0.814984 0.333687 0.600729 0.756321 0.836513 0.970211 0.358929 0.838085 0.105492 0.841051 0.046747 0.092917 0.374146 0.542445 0.400393 0.948392 0.817682 0.180746
0.119172 0.358125 0.966394 0.959032 0.145582 0.564206 0.012747 0.160954 0.807866 0.882234 0.845790 0.065518 0.630605 0.967802 0.645608 0.890863 0.318160 0.888572 0.101312 0.390709 0.536293 0.415932 0.565987 0.747912 0.291092 0.752638 0.081995 0.676024 0.819908 0.083276 0.330703 0.153424 0.913567 0.426944 0.645110 0.818121 0.431034 0.882194 0.503017 0.401309 0.933294 0.103351 0.954336 0.992562 0.198825 0.601025 0.700568 0.735419 0.017141 0.916844 0.244959 0.705411 0.474067 0.958566 0.420228 0.542794 0.853749 0.607645 0.034344 0.560017 0.883919 0.927044 0.423791 0.671537 0.829988 0.103315 0.780589 0.522681 0.375406 0.253034 0.897338 0.441012 0.700917 0.335565 0.945737 0.162603 0.691438 0.671468 0.823537 0.419437 0.384961 0.448192 0.022545 0.849285 0.136412 0.212462 0.715720 0.834938 0.368067 0.435158 0.781750 0.030570 0.753686 0.971174 0.463144 0.325185 0.045753 0.443321 0.089532 0.946108
0.052446 0.759328 0.668030 0.870376 0.037313 0.205449 0.406665 0.446820 0.922032 0.139623 0.736612 0.944760 0.960184 0.815304 0.724601 0.092997 0.497446 0.501977 0.015097 0.631110 0.136255 0.219865 0.632714 0.884692 0.058635 0.427674 0.083417 0.528759 0.903343 0.088571 0.983826 0.871888 0.747130 0.101078 0.659271 0.355025 0.470545 0.894285 0.405584 0.726329 0.117073 0.021736 0.218633 0.828661 0.847585 0.851422 0.988238 0.893686 0.060059 0.236026 0.786764 0.409522 0.570256 0.485100 0.956973 0.397667 0.218946 0.805191 0.928078 0.579387 0.136291 0.120764 0.955316 0.176917 0.964394 0.009408 0.693897 0.562948 0.372539 0.245665 0.081746 0.170806 0.236508 0.210261 0.441599 0.798356 0.064888 0.844390 0.678351 0.511356 0.177891 0.282328 0.505765 0.648886 0.993480 0.199524 0.796789 0.273807 0.988991 0.302290 0.868089 0.764815 0.944964 0.523028 0.119922 0.364162 0.100353 0.299038 0.365465 0.676060
0.424099 0.666825 0.397096 0.511331 0.092239 0.517826 0.051357 0.492621 0.364154 0.679544 0.985103 0.203686 0.917151 0.804476 0.725006 0.852586 0.343182 0.790746 0.984747 0.276953 0.070354 0.403680 0.230722 0.379085 0.739709 0.915575 0.680446 0.242982 0.674230 0.431476 0.133717 0.082688 0.040645 0.991217 0.401780 0.295618 0.098580 0.806625 0.849968 0.163545 0.015440 0.066120 0.685818 0.285586 0.075277 0.904576 0.625242 0.639260 0.908687 0.609758 0.838894 0.783078 0.459145 0.182565 0.378475 0.782551 0.110141 0.412807 0.121681 0.705987 0.835978 0.940014 0.425336 0.288050 0.327855 0.584041 0.362194 0.719071 0.027250 0.363374 0.490167 0.047822 0.455627 0.363987 0.414673 0.050211 0.264309 0.174997 0.165173 0.171736 0.728525 0.133893 0.676852 0.185216 0.027539 0.033833 0.265606 0.865720 0.367840 0.396461 0.178271 0.891904 0.998459 0.471834 0.600326 0.451105 0.505069 0.512763 0.814701 0.105187
0.813608 0.478093 0.036780 0.718413 0.429857 0.624454 0.489092 0.585541 0.567257 0.593475 0.177426 0.443875 0.096600 0.028675 0.823807 0.486661 0.057172 0.228857 0.206388 0.477785 0.315171 0.207661 0.147674 0.563032 0.154106 0.511490 0.166612 0.406638 0.495860 0.062752 0.792760 0.041992 0.966665 0.849047 0.685876 0.679045 0.770157 0.887281 0.221662 0.364827 0.387647 0.664347 0.414899 0.172795 0.162299 0.819552 0.279336 0.577150 0.292886 0.089709 0.040626 0.430972 0.023057 0.102971 0.986451 0.012921 0.692840 0.089590 0.600811 0.405184 0.260093 0.038987 0.035046 0.848351 0.618469 0.979539 0.374615 0.410663 0.640630 0.816249 0.145822 0.436759 0.206819 0.586777 0.273044 0.331770 0.036762 0.819519 0.913860 0.811633 0.064466 0.137281 0.392211 0.266125 0.831613 0.393375 0.147012 0.878631 0.640868 0.718957 0.852174 0.524987 0.925085 0.246431 0.121624 0.887631 0.710345 0.633578 0.366237 0.901165
0.813667 0.421537 0.461705 0.107313 0.159019 0.881176 0.989266 0.014648 0.714502 0.230069 0.886540 0.407648 0.406928 0.024859 0.171315 0.615717 0.082217 0.120092 0.868066 0.355765 0.118566 0.430684 0.119923 0.546476 0.867096 0.559738 0.215346 0.295308 0.277442 0.287357 0.987255 0.332524 0.900440 0.413706 0.509563 0.309523 0.204219 0.676917 0.495593 0.436619 0.236682 0.162519 0.051576 0.477941 0.973432 0.495353 0.769728 0.499951 0.424742 0.770093 0.160921 0.733682 0.460298 0.864439 0.174821 0.378319 0.061756 0.876025 0.574762 0.548318 0.266107 0.308585 0.282501 0.287836 0.714202 0.558301 0.953490 0.627211 0.429412 0.940564 0.299336 0.758559 0.209522 0.153671 0.805021 0.427896 0.200541 0.500452 0.570928 0.935894 0.071801 0.514377 0.707407 0.714864 0.728869 0.365716 0.830377 0.487498 0.636515 0.778743 0.436581 0.818180 0.091629 0.655900 0.457434 0.319018 0.684409 0.388999 0.994823 0.292904
0.570851 0.197644 0.674321 0.771200 0.427688 0.497734 0.020651 0.316780 0.004835 0.918157 0.669262 0.115799 0.344042 0.137594 0.004685 0.697041 0.375122 0.412131 0.471977 0.344683 0.796684 0.696417 0.289677 0.117635 0.683714 0.806457 0.468365 0.209726 0.645066 0.792929 0.056979 0.962466 0.449687 0.528792 0.022007 0.709043 0.525898 0.265732 0.449034 0.032287 0.620181 0.675447 0.118381 0.568498 0.083650 0.870383 0.383754 0.161848 0.497114 0.738718 0.306043 0.400845 0.838739 0.631950 0.883260 0.328604 0.693461 0.150227 0.738905 0.726244 0.378061 0.580399 0.261211 0.409132 0.151837 0.317594 0.000624 0.164913 0.140615 0.876737 0.745599 0.748056 0.371779 0.916992 0.958399 0.802791 0.676110 0.861359 0.326098 0.967930 0.535377 0.891571 0.029147 0.081654 0.449079 0.771317 0.152044 0.018476 0.788976 0.178818 0.165627 0.145815 0.731482 0.901314 0.422578 0.380666 0.568245 0.662712 0.959554 0.302080
0.098717 0.409431 0.824391 0.017878 0.171901 0.419193 0.566167 0.569511 0.274102 0.882517 0.012057 0.674685 0.422475 0.817133 0.688030 0.807613 0.025828 0.021923 0.935855 0.378773 0.698649 0.995166 0.622872 0.136632 0.482141 0.845003 0.114195 0.341193 0.504846 0.376874 0.024842 0.628060 0.458242 0.687163 0.843875 0.513941 0.736111 0.400895 0.539578 0.913787 0.355753 0.262294 0.770385 0.166759 0.720327 0.479894 0.098845 0.862642 0.181204 0.299643 0.572971 0.561960 0.384609 0.979368 0.970242 0.996810 0.302471 0.901814 0.459610 0.634090 0.077790 0.651353 0.219774 0.785245 0.830363 0.762510 0.178149 0.582463 0.510793 0.501921 0.900172 0.737718 0.502594 0.833379 0.312858 0.377752 0.157758 0.697155 0.052003 0.258233 0.042118 0.493396 0.765564 0.049687 0.750294 0.199624 0.434273 0.701552 0.934020 0.403966 0.197520 0.645597 0.889902 0.242652 0.777977 0.631513 0.072301 0.615224 0.378614 0.629392
0.365550 0.255546 0.704168 0.728392 0.320022 0.376957 0.869549 0.593148 0.436271 0.626152 0.503948 0.961458 0.406322 0.973846 0.418681 0.118183 0.899636 0.006988 0.585712 0.380223 0.742334 0.420541 0.569150 0.841835 0.112842 0.148019 0.140655 0.702797 0.672821 0.753019 0.386639 0.303359 0.562728 0.165596 0.430464 0.892146 0.250840 0.304285 0.387964 0.593807 0.232020 0.473722 0.911984 0.602611 0.811314 0.759084 0.527742 0.120582 0.221337 0.525681 0.690553 0.750998 0.421279 0.957465 0.535667 0.594860 0.248818 0.170961 0.440059 0.506386 0.237071 0.261977 0.013504 0.856755 0.452183 0.304954 0.681199 0.284376 0.997227 0.783682 0.250276 0.003453 0.778651 0.607041 0.530371 0.589685 0.671087 0.459382 0.639377 0.003530 0.456783 0.507534 0.178359 0.346267 0.330472 0.082653 0.920688 0.550844 0.719802 0.214389 0.903889 0.843233 0.733579 0.139739 0.913229 0.369483 0.322781 0.305261 0.194330 0.416505
0.768106 0.710169 0.184674 0.631131 0.228116 0.687153 0.431212 0.728505 0.040013 0.805254 0.877096 0.897478 0.623145 0.900463 0.529069 0.467708 0.234987 0.605132 0.564930 0.765039 0.867282 0.487017 0.392686 0.081287 0.283478 0.626303 0.717941 0.919067 0.874756 0.313482 0.342997 0.328512 0.103546 0.922217 0.963826 0.994193 0.226369 0.459641 0.162018 0.647714 0.788934 0.253220 0.168364 0.305802 0.452711 0.413265 0.520582 0.345499 0.406991 0.893320 0.857383 0.014707 0.640085 0.040212 0.439864 0.566264 0.177057 0.504439 0.063219 0.916471 0.030263 0.619190 0.645073 0.402071 0.681563 0.615149 0.653605 0.877073 0.748178 0.490225 0.327497 0.479421 0.544762 0.859012 0.432516 0.235320 0.239953 0.328441 0.463050 0.917122 0.789254 0.637080 0.115013 0.741768 0.056568 0.041675 0.398799 0.616195 0.404053 0.068304 0.751995 0.463850 0.665544 0.491915 0.126388 0.130654 0.185575 0.472933 0.503105 0.502574
0.848025 0.433083 0.343287 0.015147 0.696970 0.803916 0.558386 0.498631 0.518411 0.431212 0.503915 0.036671 0.532184 0.037938 0.901456 0.814921 0.370617 0.174982 0.630274 0.036828 0.794297 0.795238 0.798793 0.868524 0.897821 0.387823 0.790348 0.288665 0.632943 0.515586 0.099874 0.598471 0.064645 0.725737 0.813715 0.145380 0.457239 0.994590 0.435189 0.578020 0.778059 0.317891 0.918744 0.539795 0.115799 0.147608 0.114795 0.499361 0.157340 0.679593 0.466718 0.946457 0.563060 0.166800 0.199926 0.705066 0.696984 0.393084 0.084199 0.199776 0.659604 0.361018 0.874289 0.000004 0.324258 0.197393 0.226807 0.436992 0.413214 0.925677 0.633162 0.579684 0.305393 0.861986 0.853723 0.368196 0.919534 0.406013 0.967866 0.668597 0.579878 0.245685 0.486245 0.020696 0.146440 0.179139 0.443865 0.479883 0.131853 0.338313 0.598149 0.950114 0.198349 0.192517 0.585494 0.902350 0.393603 0.130174 0.836477 0.607040
0.678463 0.534883 0.157843 0.208784 0.350097 0.429339 0.885366 0.401601 0.880710 0.919226 0.966059 0.307441 0.912253 0.709003 0.890381 0.652373 0.184118 0.357410 0.001580 0.475371 0.283832 0.115934 0.774212 0.977958 0.368411 0.264369 0.764504 0.588781 0.982526 0.835057 0.243813 0.690984 0.702818 0.166380 0.829542 0.483014 0.408755 0.278235 0.676165 0.398781 0.432969 0.601589 0.360873 0.656177 0.538965 0.323010 0.873207 0.765108 0.881303 0.192644 0.929104 0.445847 0.461756 0.956865 0.926272 0.849630 0.130196 0.720703 0.726691 0.536083 0.431172 0.446853 0.603331 0.254270 0.756176 0.896674 0.567881 0.495252 0.187673 0.412457 0.964563 0.951139 0.712784 0.749704 0.918693 0.258225 0.325556 0.522753 0.835824 0.260227 0.198915 0.809168 0.395317 0.240226 0.015267 0.523481 0.829676 0.637281 0.759065 0.035767 0.754158 0.079517 0.924543 0.184678 0.408448 0.035442 0.190690 0.971276 0.076999 0.054408
0.730501 0.743530 0.952522 0.418162 0.194651 0.405258 0.103428 0.749390 0.917673 0.535402 0.057900 0.986891 0.601203 0.192559 0.927084 0.165589 0.246976 0.938940 0.564272 0.434333 0.993910 0.390835 0.671498 0.578956 0.039721 0.763663 0.794253 0.894380 0.435118 0.782110 0.957239 0.064105 0.420399 0.809300 0.077012 0.487372 0.250980 0.709180 0.847964 0.425045 0.670073 0.972328 0.323198 0.014475 0.064187 0.517912 0.404611 0.711227 0.225875 0.339229 0.308317 0.658193 0.413540 0.021672 0.133948 0.926875 0.616773 0.223016 0.866365 0.866508 0.408421 0.275760 0.261509 0.134495 0.692641 0.980616 0.589706 0.347566 0.460022 0.697650 0.603115 0.857421 0.689228 0.765956 0.301820 0.989456 0.347713 0.212068 0.789958 0.771765 0.873197 0.429923 0.016698 0.289217 0.779882 0.758996 0.823675 0.111555 0.145302 0.910001 0.981497 0.606014 0.977167 0.673359 0.357141 0.815422 0.603055 0.989079 0.200422 0.498852
0.737810 0.510160 0.197923 0.121178 0.933376 0.300594 0.243829 0.542920 0.415152 0.651333 0.396624 0.915743 0.067845 0.468595 0.558222 0.561054 0.222016 0.854902 0.552715 0.176747 0.219468 0.999557 0.173185 0.428125 0.143667 0.379494 0.498686 0.596486 0.843323 0.517853 0.825668 0.337519 0.038011 0.927526 0.914302 0.715900 0.967888 0.261061 0.198926 0.680874 0.841005 0.711565 0.958899 0.100449 0.434677 0.644151 0.709935 0.569453 0.915050 0.399191 0.503109 0.888714 0.606623 0.778665 0.098508 0.222034 0.944812 0.136080 0.713476 0.756785 0.561604 0.811254 0.301123 0.441274 0.371819 0.764833 0.782063 0.362977 0.597045 0.457956 0.131780 0.978190 0.350813 0.326981 0.292096 0.769740 0.380377 0.281110 0.813257 0.366937 0.687474 0.002668 0.649161 0.339679 0.087168 0.154042 0.921217 0.043602 0.583229 0.672001 0.423870 0.160385 0.679139 0.149267 0.355790 0.112065 0.558086 0.109774 0.089408 0.852880
0.005998 0.612990 0.695309 0.234412 0.177625 0.266038 0.835777 0.362257 0.699365 0.234212 0.352761 0.648419 0.230490 0.746659 0.031807 0.802226 0.930601 0.277756 0.645690 0.106536 0.196652 0.038298 0.004208 0.728676 0.097274 0.312622 0.881400 0.325127 0.896937 0.585416 0.757247 0.648678 0.479825 0.444352 0.282759 0.937522 0.063311 0.002925 0.076655 0.026485 0.403835 0.509031 0.666880 0.685566 0.641234 0.210394 0.495052 0.754507 0.393810 0.670333 0.736207 0.980316 0.379778 0.415537 0.428911 0.284410 0.898226 0.688425 0.558628 0.798258 0.214669 0.857216 0.395355 0.688724 0.595278 0.473215 0.164189 0.459955 0.082780 0.713659 0.551879 0.297499 0.602062 0.438535 0.140519 0.383596 0.209223 0.776329 0.878642 0.451034 0.996241 0.916102 0.768062 0.589358 0.545793 0.708912 0.712604 0.311795 0.438276 0.700331 0.165893 0.927150 0.316384 0.369806 0.766338 0.922326 0.977256 0.482015 0.286468 0.205792
0.753134 0.170296 0.640003 0.157639 0.200908 0.232012 0.836859 0.768832 0.242719 0.240376 0.680815 0.354229 0.151836 0.215564 0.780262 0.576783 0.093957 0.432534 0.519358 0.688449 0.424363 0.636392 0.078726 0.022706 0.557647 0.409394 0.012584 0.355939 0.311836 0.281146 0.780485 0.642699 0.695484 0.134518 0.769392 0.658433 0.478816 0.805611 0.789528 0.348900 0.585717 0.596767 0.325090 0.581785 0.532392 0.720771 0.080281 0.959247 0.938490 0.327541 0.084282 0.742492 0.924153 0.940428 0.485117 0.448939 0.046240 0.467356 0.445091 0.867851 0.393870 0.560439 0.122153 0.997897 0.342052 0.756733 0.691732 0.353562 0.993341 0.333294 0.216038 0.553004 0.996761 0.523683 0.922800 0.848020 0.631245 0.405635 0.476412 0.721498 0.452928 0.776454 0.164602 0.472807 0.520850 0.113498 0.174203 0.856757 0.608025 0.780586 0.420733 0.293864 0.661851 0.476987 0.684859 0.796249 0.453485 0.806960 0.889734 0.560322
0.414764 0.816103 0.672109 0.770703 0.019110 0.718252 0.585171 0.959645 0.744930 0.697568 0.503775 0.108792 0.397188 0.538850 0.033529 0.894409 0.291786 0.956582 0.379041 0.821154 0.275121 0.026021 0.270655 0.257397 0.102742 0.236615 0.828674 0.347888 0.613792 0.960336 0.171359 0.309977 0.171718 0.172518 0.053185 0.558565 0.081228 0.036593 0.169141 0.090101 0.872470 0.425128 0.794313 0.955302 0.497720 0.516722 0.789558 0.381545 0.759331 0.913685 0.446646 0.803531 0.440540 0.966002 0.937804 0.209743 0.857393 0.554727 0.363835 0.296038 0.733963 0.046754 0.566160 0.962368 0.770330 0.249292 0.182380 0.865646 0.026363 0.599455 0.976361 0.401269 0.279338 0.824118 0.996743 0.603637 0.503245 0.775662 0.186123 0.969490 0.724534 0.458811 0.984727 0.087459 0.779675 0.872688 0.763232 0.137065 0.756604 0.688994 0.075290 0.227387 0.329150 0.255539 0.552973 0.275712 0.604636 0.265060 0.899723 0.347438
0.089833 0.932376 0.127175 0.068501 0.417744 0.061169 0.078448 0.331612 0.778053 0.626617 0.853635 0.108011 0.813918 0.315141 0.474777 0.638764 0.246270 0.393659 0.558196 0.401857 0.203267 0.476059 0.856734 0.270183 0.090581 0.345885 0.849743 0.566144 0.923831 0.673660 0.406152 0.397440 0.206564 0.861695 0.309317 0.738083 0.230237 0.035943 0.129501 0.762902 0.657063 0.859537 0.412724 0.927001 0.440500 0.328883 0.410970 0.676864 0.864639 0.934909 0.127915 0.898045 0.064386 0.806606 0.750969 0.048405 0.222982 0.775615 0.324653 0.715296 0.868622 0.275611 0.338445 0.956417 0.549162 0.761949 0.617794 0.623099 0.184723 0.689257 0.576854 0.844654 0.037060 0.577986 0.112158 0.286655 0.367945 0.496479 0.550612 0.127902 0.323317 0.791056 0.367520 0.423347 0.558231 0.835354 0.385226 0.665137 0.379323 0.065843 0.701620 0.386824 0.321880 0.013731 0.181147 0.229426 0.749972 0.343193 0.127999 0.372180
0.342242 0.047315 0.308047 0.671682 0.417722 0.304858 0.855961 0.098712 0.255592 0.045914 0.705109 0.352139 0.644449 0.623357 0.764785 0.558845 0.299581 0.563843 0.748462 0.419254 0.469253 0.302144 0.679632 0.098877 0.604981 0.417566 0.384205 0.556128 0.503410 0.443824 0.354656 0.460884 0.503893 0.162415 0.453104 0.728369 0.240158 0.579269 0.189238 0.876253 0.760068 0.290964 0.128571 0.137054 0.515448 0.912170 0.594302 0.199834 0.034069 0.108355 0.720386 0.597164 0.094144 0.003326 0.829511 0.231267 0.566358 0.044227 0.176474 0.350940 0.819872 0.575764 0.385519 0.644849 0.943155 0.830356 0.585889 0.305068 0.617979 0.644843 0.912678 0.253615 0.710151 0.750382 0.378375 0.412720 0.235077 0.650966 0.141514 0.769248 0.744169 0.539646 0.875843 0.247265 0.239932 0.165171 0.389717 0.118125 0.475149 0.533474 0.706367 0.351428 0.412694 0.297643 0.917393 0.617162 0.103317 0.700734 0.924078 0.310460
0.505580 0.225145 0.415544 0.684799 0.520155 0.839648 0.942122 0.614045 0.068701 0.251579 0.692963 0.410589 0.585004 0.116772 0.328583 0.567901 0.087883 0.121423 0.904431 0.236589 0.534779 0.885900 0.554608 0.517727 0.746214 0.386450 0.657709 0.869423 0.563496 0.532269 0.630091 0.511564 0.061009 0.154331 0.412731 0.137289 0.475165 0.088364 0.156745 0.246350 0.824810 0.112532 0.623121 0.386411 0.613954 0.881871 0.803762 0.579002 0.905161 0.337870 0.366041 0.390493 0.624684 0.841228 0.206144 0.262590 0.390454 0.214874 0.393135 0.980495 0.969554 0.226061 0.930856 0.387696 0.751910 0.844849 0.094501 0.551894 0.047343 0.915301 0.702477 0.459817 0.725870 0.726404 0.092445 0.811768 0.148466 0.166617 0.829835 0.610171 0.578509 0.668314 0.801762 0.814071 0.980369 0.069819 0.066925 0.647104 0.810845 0.399441 0.854623 0.757341 0.818827 0.953254 0.317580 0.658339 0.761982 0.664398 0.716029 0.570776
0.759063 0.756543 0.486921 0.228737 0.961049 0.164239 0.184733 0.927517 0.009905 0.441664 0.280638 0.153593 0.987629 0.115555 0.824735 0.616102 0.879626 0.905160 0.340025 0.904420 0.070856 0.325867 0.604382 0.493543 0.502269 0.591634 0.626680 0.725844 0.512703 0.811830 0.068991 0.690502 0.301608 0.907879 0.544688 0.015620 0.895089 0.113538 0.062250 0.164422 0.211045 0.466082 0.836121 0.843714 0.177838 0.144218 0.112477 0.366907 0.490165 0.038817 0.807992 0.913890 0.831500 0.412752 0.613924 0.210196 0.015272 0.774849 0.041348 0.760022 0.597124 0.596849 0.959611 0.642541 0.637368 0.293330 0.975865 0.877063 0.153622 0.653077 0.640068 0.535642 0.629014 0.372049 0.211216 0.323679 0.954906 0.602481 0.244437 0.224324 0.757406 0.599842 0.610707 0.216366 0.068857 0.206675 0.101085 0.601486 0.004291 0.240678 0.194886 0.629274 0.778347 0.669498 0.569370 0.687497 0.470550 0.630926 0.788758 0.009203
0.260032 0.249799 0.950201 0.383514 0.740842 0.433328 0.402451 0.926941 0.717429 0.319366 0.925352 0.622913 0.117076 0.197042 0.449025 0.882224 0.726547 0.494238 0.011000 0.339986 0.272340 0.727405 0.673995 0.252151 0.692306 0.509249 0.086862 0.342579 0.977447 0.375817 0.935658 0.544936 0.791454 0.592632 0.738239 0.589954 0.773277 0.502067 0.357370 0.101015 0.182955 0.600183 0.983977 0.922138 0.033710 0.673775 0.196022 0.450010 0.776342 0.715977 0.935049 0.678279 0.002093 0.439980 0.539778 0.698712 0.136308 0.189554 0.076729 0.673883 0.384014 0.118712 0.059878 0.948615 0.568806 0.251921 0.585584 0.891189 0.268708 0.429897 0.655608 0.104321 0.507484 0.462843 0.085463 0.387369 0.657076 0.482125 0.191520 0.735967 0.444052 0.998121 0.836333 0.999986 0.453225 0.990124 0.865104 0.240055 0.098972 0.604466 0.808532 0.520131 0.426988 0.897919 0.661198 0.791083 0.109251 0.928053 0.056773 0.195124
0.370137 0.936077 0.297957 0.723856 0.959300 0.312458 0.951502 0.039636 0.111791 0.816553 0.589035 0.756459 0.583937 0.944669 0.077870 0.363792 0.083851 0.920852 0.894285 0.677072 0.330222 0.670642 0.160298 0.594026 0.820816 0.038801 0.967676 0.366323 0.067256 0.197028 0.095133 0.102762 0.902574 0.880856 0.663885 0.939931 0.395885 0.197154 0.056428 0.995436 0.964649 0.168016 0.370084 0.742487 0.268454 0.191923 0.331262 0.588566 0.507281 0.256394 0.037900 0.811272 0.207142 0.619667 0.120016 0.726197 0.735917 0.800095 0.494476 0.896203 0.765544 0.431647 0.750789 0.450351 0.696249 0.731102 0.389049 0.285396 0.476300 0.809079 0.200796 0.204917 0.813348 0.310395 0.510561 0.079035 0.169812 0.438855 0.368277 0.623134 0.400807 0.326492 0.037460 0.507724 0.363962 0.289825 0.483685 0.495922 0.281576 0.665726 0.871222 0.146543 0.469126 0.570312 0.588151 0.017421 0.444820 0.210176 0.617626 0.091486
0.047221 0.030286 0.665923 0.138876 0.800865 0.318695 0.681672 0.440997 0.718781 0.634435 0.057628 0.197299 0.491437 0.308657 0.282360 0.562230 0.977007 0.857222 0.053947 0.815547 0.424875 0.957495 0.487252 0.213111 0.183311 0.583088 0.123767 0.623322 0.330185 0.924314 0.907576 0.591114 0.341369 0.587052 0.286625 0.997067 0.559353 0.819453 0.622787 0.575134 0.256537 0.923855 0.691981 0.822222 0.323260 0.086684 0.594639 0.166090 0.129017 0.687207 0.258454 0.540004 0.978801 0.125231 0.008394 0.171434 0.920123 0.273379 0.713052 0.596268 0.869280 0.804741 0.489620 0.821305 0.299682 0.964675 0.270004 0.845333 0.504168 0.483362 0.665207 0.133625 0.298022 0.332989 0.402005 0.732124 0.686845 0.935484 0.389504 0.089126 0.300713 0.003401 0.342408 0.570462 0.357697 0.654949 0.470968 0.926693 0.662282 0.781641 0.927939 0.116499 0.234283 0.860316 0.911472 0.765629 0.808276 0.520427 0.792422 0.601396
0.975455 0.008497 0.950998 0.104381 0.663689 0.441636 0.324244 0.998357 0.606956 0.820834 0.028097 0.464611 0.087417 0.224619 0.421026 0.883982 0.567427 0.670046 0.632141 0.811775 0.371787 0.225876 0.642078 0.141832 0.842469 0.943127 0.663869 0.760441 0.289679 0.735849 0.517037 0.725252 0.374471 0.891640 0.097281 0.030669 0.623020 0.590482 0.083701 0.169978 0.913304 0.804267 0.670324 0.534091 0.649928 0.929420 0.788926 0.957270 0.222580 0.490656 0.591416 0.441943 0.189459 0.537704 0.636437 0.068298 0.792768 0.644901 0.193861 0.477634 0.534709 0.674877 0.745603 0.050007 0.179830 0.310789 0.558691 0.607588 0.732344 0.477025 0.791248 0.646346 0.901492 0.187936 0.176556 0.146384 0.288336 0.685537 0.876662 0.561421 0.233897 0.646970 0.890463 0.137496 0.810440 0.618188 0.955017 0.511452 0.657739 0.804692 0.602787 0.042719 0.291809 0.503643 0.827982 0.592850 0.360709 0.388543 0.607190 0.616986
0.305809 0.471044 0.799821 0.387038 0.002392 0.885781 0.405280 0.442043 0.493906 0.545453 0.846262 0.335085 0.558418 0.231935 0.556123 0.820110 0.315406 0.300264 0.687263 0.202789 0.505874 0.660561 0.102687 0.762611 0.976310 0.930878 0.840308 0.867019 0.879062 0.412645 0.261822 0.223682 0.848679 0.418378 0.248637 0.503177 0.916290 0.653192 0.316048 0.811220 0.867401 0.593361 0.549225 0.364127 0.375838 0.498132 0.305023 0.154534 0.161894 0.194725 0.394093 0.091270 0.512711 0.845980 0.853922 0.334990 0.921452 0.881657 0.423113 0.930283 0.533086 0.086117 0.236010 0.721176 0.436828 0.271446 0.131507 0.238158 0.902875 0.631419 0.491795 0.569759 0.936614 0.705245 0.141225 0.968339 0.245329 0.031138 0.722498 0.672864 0.770759 0.549358 0.829628 0.124827 0.395221 0.235871 0.269229 0.259100 0.716790 0.783510 0.087946 0.861275 0.727935 0.916769 0.292239 0.071528 0.836319 0.519367 0.903181 0.301629
0.312715 0.145039 0.415272 0.023933 0.172924 0.785393 0.957019 0.784699 0.755196 0.005382 0.792220 0.121933 0.297882 0.138300 0.666894 0.543575 0.516990 0.032736 0.019447 0.922131 0.592704 0.413249 0.802494 0.972741 0.410678 0.744816 0.800381 0.084371 0.955380 0.394542 0.950064 0.805356 0.729216 0.914851 0.909186 0.538558 0.789455 0.424337 0.101089 0.337864 0.710073 0.939721 0.643859 0.982331 0.768843 0.424819 0.125465 0.651645 0.399022 0.384980 0.299400 0.987591 0.778233 0.791421 0.244633 0.569699 0.830169 0.956378 0.376327 0.283431 0.684359 0.215729 0.093412 0.092084 0.099657 0.249782 0.294995 0.110242 0.096628 0.491603 0.307480 0.634539 0.899855 0.705119 0.477151 0.889676 0.496724 0.106906 0.585389 0.367469 0.141884 0.477423 0.355005 0.277515 0.075544 0.374197 0.183916 0.547361 0.702088 0.590802 0.690013 0.994936 0.604003 0.544357 0.792526 0.432838 0.603409 0.280431 0.856008 0.563256
0.126893 0.916569 0.239570 0.082583 0.518270 0.347635 0.752860 0.141455 0.402063 0.469396 0.225339 0.964574 0.296164 0.499276 0.772892 0.880637 0.509518 0.082269 0.798244 0.258221 0.659749 0.807150 0.379487 0.646039 0.845619 0.867333 0.186216 0.723132 0.491873 0.156680 0.871083 0.201272 0.925059 0.911749 0.440145 0.286590 0.619936 0.878611 0.656891 0.602234 0.918903 0.541950 0.625945 0.467739 0.162119 0.279743 0.452252 0.158371 0.474982 0.753815 0.954081 0.005495 0.248515 0.830607 0.212481 0.464100 0.886219 0.308786 0.731480 0.527247 0.025906 0.119202 0.833785 0.166256 0.591160 0.871214 0.823286 0.962218 0.236569 0.114881 0.820189 0.929823 0.938652 0.218993 0.194327 0.310940 0.359631 0.532604 0.863768 0.375293 0.694250 0.445483 0.646278 0.541382 0.084954 0.258483 0.338965 0.570471 0.613237 0.267375 0.727254 0.407070 0.576811 0.202623 0.536589 0.029470 0.044024 0.631166 0.448898 0.945365
0.173874 0.888549 0.707928 0.968360 0.943415 0.921354 0.588455 0.346931 0.228987 0.868588 0.667103 0.268774 0.346758 0.604796 0.409901 0.368953 0.702580 0.231598 0.057585 0.374868 0.423941 0.147060 0.041657 0.143343 0.994983 0.001244 0.497634 0.053259 0.939697 0.686506 0.750034 0.060636 0.298511 0.235419 0.529084 0.235048 0.388459 0.310663 0.986771 0.716783 0.443189 0.990286 0.000118 0.815711 0.740209 0.945909 0.367618 0.497156 0.414087 0.303297 0.846264 0.142526 0.652978 0.748198 0.102176 0.576886 0.017549 0.152994 0.570485 0.713903 0.454885 0.129830 0.122638 0.767077 0.049259 0.842055 0.428635 0.780381 0.665960 0.521898 0.456705 0.378735 0.648335 0.267076 0.973179 0.141965 0.336921 0.605645 0.407911 0.527085 0.104339 0.515348 0.524040 0.672722 0.974024 0.891093 0.301094 0.933806 0.274050 0.235954 0.750340 0.448293 0.444574 0.266709 0.899737 0.868085 0.871510 0.965378 0.128866 0.510452
0.243400 0.509275 0.435990 0.759403 0.399162 0.356995 0.672326 0.809109 0.697496 0.440456 0.419609 0.194783 0.585589 0.736770 0.980213 0.196405 0.352288 0.805125 0.888729 0.577473 0.470903 0.038577 0.086899 0.347120 0.794685 0.525470 0.533048 0.005785 0.105626 0.306354 0.850145 0.665570 0.717757 0.790647 0.434999 0.224337 0.770766 0.027121 0.005382 0.336379 0.155916 0.215201 0.329883 0.481679 0.309640 0.223196 0.418359 0.147505 0.286355 0.911498 0.203628 0.076687 0.822402 0.744534 0.434906 0.273918 0.152076 0.997037 0.991857 0.640176 0.450596 0.877457 0.985248 0.252051 0.481056 0.392677 0.136528 0.495371 0.457648 0.402700 0.865656 0.952201 0.461049 0.832682 0.409700 0.280098 0.246454 0.037259 0.482051 0.675533 0.204743 0.133725 0.442104 0.101090 0.665612 0.158577 0.882804 0.328783 0.851025 0.793526 0.157463 0.596903 0.896648 0.864285 0.414468 0.054375 0.670454 0.434004 0.792867 0.948706
0.258820 0.843467 0.457244 0.384827 0.660022 0.887927 0.109043 0.391094 0.967280 0.969070 0.867814 0.072004 0.263898 0.786798 0.572764 0.278799 0.549819 0.331741 0.828241 0.129006 0.194130 0.947855 0.888368 0.357669 0.085324 0.008581 0.230357 0.760486 0.622379 0.706996 0.249031 0.136320 0.384936 0.640652 0.275345 0.749946 0.140894 0.887926 0.464688 0.822056 0.594962 0.547330 0.487267 0.834351 0.320821 0.460892 0.540696 0.762620 0.548418 0.373803 0.199538 0.831573 0.429623 0.026613 0.584707 0.674793 0.114450 0.758502 0.725595 0.111472 0.095330 0.584252 0.442008 0.909648 0.609608 0.539159 0.386600 0.085048 0.250203 0.796345 0.409049 0.796446 0.049013 0.971486 0.373529 0.227017 0.439937 0.052643 0.154566 0.386307 0.187336 0.784483 0.478071 0.961678 0.910764 0.731081 0.655487 0.525948 0.001243 0.249103 0.591730 0.524854 0.885356 0.560470 0.028600 0.857661 0.848944 0.855700 0.974514 0.828374
0.460183 0.571855 0.266428 0.148369 0.336526 0.271716 0.166227 0.862101 0.923156 0.479555 0.562454 0.184131 0.497137 0.231818 0.833942 0.104825 0.179846 0.121809 0.595987 0.861640 0.243880 0.992848 0.012933 0.370989 0.623261 0.443297 0.118201 0.413655 0.755494 0.164224 0.943135 0.273249 0.359520 0.887702 0.595879 0.260828 0.720872 0.302312 0.748567 0.147640 0.203302 0.980735 0.917619 0.489008 0.325575 0.364703 0.028770 0.002942 0.889265 0.246796 0.168234 0.389434 0.722297 0.976340 0.933839 0.899871 0.679003 0.701827 0.260147 0.155028 0.325875 0.023025 0.649277 0.755360 0.951498 0.885820 0.770941 0.609080 0.947986 0.723246 0.135921 0.579205 0.467917 0.015001 0.905355 0.614429 0.289884 0.890837 0.975473 0.981014 0.592649 0.409803 0.316434 0.169288 0.586436 0.526551 0.027109 0.378159 0.490035 0.998145 0.820601 0.931525 0.466169 0.612290 0.556901 0.640449 0.055071 0.222852 0.628283 0.431175
0.550634 0.289997 0.603417 0.952166 0.332358 0.504210 0.007787 0.214600 0.684024 0.199282 0.881781 0.541765 0.632422 0.613503 0.084598 0.602744 0.119960 0.360061 0.092253 0.625159 0.056198 0.000358 0.908399 0.356093 0.252207 0.189941 0.609047 0.527157 0.092885 0.742899 0.429940 0.042964 0.856931 0.793050 0.379841 0.630264 0.659284 0.207059 0.256868 0.366505 0.598695 0.591814 0.738260 0.567202 0.738894 0.613046 0.779234 0.163028 0.203961 0.285549 0.869092 0.455733 0.045821 0.980549 0.842430 0.229148 0.510324 0.023018 0.514276 0.642775 0.844395 0.194235 0.024609 0.934463 0.095838 0.433098 0.460150 0.582921 0.784267 0.348215 0.168799 0.549006 0.150391 0.929844 0.600940 0.723263 0.575241 0.460575 0.839959 0.214557 0.194841 0.131677 0.158538 0.647015 0.485432 0.532812 0.073658 0.401258 0.039487 0.917320 0.744581 0.253245 0.563624 0.858062 0.392923 0.816319 0.903736 0.528697 0.666424 0.802611
0.991163 0.712935 0.511959 0.734351 0.073650 0.010548 0.404862 0.579278 0.712013 0.505502 0.293496 0.827295 0.389639 0.940408 0.703447 0.423929 0.030137 0.776301 0.975052 0.649047 0.260357 0.179711 0.305721 0.439279 0.336128 0.078962 0.615460 0.081232 0.323827 0.656883 0.772169 0.552255 0.375453 0.853292 0.465687 0.345976 0.157087 0.792841 0.541429 0.926411 0.293321 0.650748 0.406512 0.141737 0.823067 0.524319 0.218182 0.988903 0.229179 0.206977 0.146953 0.563149 0.826334 0.926335 0.056084 0.502880 0.513308 0.397633 0.923560 0.127921 0.506623 0.255593 0.136764 0.087924 0.298070 0.705740 0.176424 0.154204 0.051126 0.286987 0.661434 0.905279 0.856430 0.104943 0.302144 0.259043 0.226642 0.766538 0.824292 0.274491 0.772511 0.524327 0.942277 0.616642 0.776411 0.688914 0.989982 0.664539 0.690978 0.981190 0.071779 0.530401 0.297745 0.707777 0.564473 0.373216 0.581648 0.035171 0.407220 0.855410
0.587223 0.618140 0.326333 0.073067 0.307134 0.041038 0.794945 0.571643 0.416041 0.344049 0.077746 0.456566 0.224401 0.655325 0.544522 0.791328 0.924697 0.913315 0.149002 0.754242 0.174029 0.252439 0.500552 0.765983 0.437011 0.597925 0.308456 0.963648 0.764446 0.271049 0.419194 0.421224 0.965184 0.177059 0.568339 0.219212 0.185792 0.433026 0.755391 0.891444 0.194873 0.695006 0.351258 0.535657 0.038568 0.246742 0.833468 0.750105 0.145000 0.022508 0.318823 0.805057 0.330124 0.470704 0.809703 0.791756 0.502965 0.360143 0.231074 0.110061 0.808631 0.694991 0.255497 0.648680 0.764422 0.128632 0.333988 0.849607 0.495797 0.325354 0.934335 0.810480 0.942100 0.932793 0.229086 0.746519 0.670937 0.835503 0.875231 0.508444 0.323869 0.801549 0.425555 0.125925 0.381233 0.375125 0.437470 0.066298 0.073008 0.529643 0.366204 0.996341 0.105228 0.313367 0.638335 0.060517 0.608934 0.909199 0.667241 0.681952
0.887087 0.125373 0.173965 0.599379 0.252004 0.749960 0.874729 0.071648 0.880505 0.067055 0.658811 0.622202 0.606844 0.266599 0.694849 0.930332 0.692023 0.153159 0.131776 0.362164 0.307058 0.159531 0.528594 0.167966 0.085357 0.332019 0.611757 0.895309 0.700275 0.521745 0.384823 0.401913 0.434557 0.951650 0.587652 0.561889 0.581949 0.369890 0.439878 0.513961 0.846416 0.276021 0.538658 0.294804 0.598181 0.256915 0.182987 0.021571 0.117700 0.145890 0.323538 0.919208 0.467572 0.445178 0.213279 0.371166 0.394031 0.128260 0.814592 0.533794 0.888800 0.510692 0.910589 0.417134 0.516567 0.645684 0.177135 0.404883 0.028436 0.296517 0.840257 0.647888 0.790404 0.219018 0.635693 0.746270 0.839892 0.913414 0.257444 0.156085 0.722494 0.050785 0.411513 0.651740 0.708486 0.459195 0.171576 0.132442 0.641059 0.140029 0.579929 0.096074 0.605524 0.054844 0.124839 0.633200 0.290789 0.197186 0.494977 0.470946
0.753164 0.214672 0.725921 0.339519 0.679118 0.688273 0.951247 0.679408 0.078241 0.173187 0.365581 0.265276 0.993242 0.865618 0.217375 0.561577 0.380314 0.875886 0.165852 0.957769 0.443896 0.854440 0.298642 0.255046 0.716085 0.386539 0.858554 0.052077 0.594367 0.903540 0.464492 0.613191 0.010979 0.100790 0.608015 0.308782 0.831605 0.799614 0.732803 0.777040 0.164352 0.027776 0.346923 0.780562 0.564140 0.918593 0.975677 0.864970 0.368805 0.522820 0.376249 0.723889 0.448072 0.534767 0.561939 0.813533 0.057625 0.347061 0.434240 0.358723 0.805258 0.068858 0.041357 0.452764 0.751028 0.227115 0.853686 0.484755 0.655060 0.416650 0.519365 0.942481 0.297880 0.978361 0.249322 0.282620 0.256879 0.627760 0.087187 0.741559 0.942359 0.219008 0.771133 0.204690 0.136432 0.370387 0.257935 0.594767 0.243558 0.406364 0.223125 0.287331 0.764372 0.544451 0.824233 0.161192 0.338359 0.535578 0.288593 0.372097
0.397362 0.292307 0.350120 0.304962 0.852385 0.881269 0.895465 0.436218 0.643976 0.316311 0.596866 0.206851 0.220768 0.646020 0.925792 0.539929 0.597806 0.552992 0.998799 0.212938 0.344480 0.590660 0.675192 0.628481 0.035335 0.088105 0.028639 0.909287 0.422115 0.650614 0.115543 0.370612 0.031078 0.350634 0.499378 0.587861 0.702513 0.423572 0.608636 0.011549 0.950498 0.660027 0.117770 0.249659 0.145179 0.199003 0.473940 0.975387 0.334874 0.633647 0.721297 0.400637 0.503082 0.649710 0.063242 0.131856 0.311439 0.654376 0.691567 0.266009 0.139544 0.822446 0.410666 0.520113 0.922428 0.733367 0.621488 0.643957 0.256562 0.203988 0.620881 0.136336 0.284380 0.690286 0.117223 0.370015 0.028431 0.476399 0.006195 0.724429 0.815517 0.876876 0.779791 0.224221 0.513653 0.629250 0.749572 0.653142 0.358182 0.326781 0.405239 0.162457 0.393315 0.333798 0.345002 0.561125 0.906963 0.180941 0.598234 0.187556
0.704956 0.291310 0.094984 0.167903 0.745665 0.581655 0.655500 0.975831 0.282821 0.173127 0.690081 0.493551 0.772414 0.686629 0.215286 0.614141 0.606489 0.207487 0.021748 0.434667 0.640667 0.753835 0.618053 0.312415 0.987029 0.774121 0.540941 0.578744 0.464333 0.236311 0.270388 0.507678 0.709692 0.206342 0.019331 0.873134 0.617462 0.274477 0.250091 0.816795 0.689553 0.085538 0.552647 0.408769 0.358459 0.000411 0.140477 0.397168 0.933258 0.910450 0.423768 0.923883 0.777976 0.041395 0.973549 0.947575 0.475067 0.729051 0.449183 0.506180 0.098920 0.676987 0.177472 0.263395 0.675238 0.828873 0.306476 0.139113 0.777138 0.195782 0.772638 0.600206 0.314243 0.569214 0.754079 0.558732 0.504938 0.758153 0.219791 0.627869 0.882810 0.258878 0.819650 0.188324 0.549392 0.761055 0.112041 0.975119 0.623659 0.443742 0.181970 0.655890 0.015454 0.192928 0.629138 0.237260 0.701312 0.813795 0.584867 0.612414
0.377295 0.956693 0.035268 0.024747 0.100912 0.490100 0.809627 0.856765 0.313995 0.378514 0.537256 0.603003 0.155143 0.345794 0.492712 0.280349 0.097375 0.968222 0.030251 0.727080 0.745682 0.514612 0.139410 0.778366 0.812085 0.222223 0.963917 0.215175 0.620576 0.773622 0.206262 0.085885 0.420450 0.295572 0.487370 0.636837 0.105826 0.410921 0.164991 0.948220 0.125150 0.544207 0.089234 0.775728 0.138644 0.898127 0.569221 0.631173 0.780249 0.788022 0.104316 0.577904 0.140476 0.764511 0.693829 0.667865 0.912906 0.446551 0.593970 0.056558 0.179306 0.545698 0.961434 0.475824 0.875168 0.390146 0.671151 0.393950 0.179479 0.316075 0.301191 0.227147 0.119593 0.718057 0.871090 0.472713 0.342298 0.673839 0.235502 0.853511 0.124399 0.187290 0.039669 0.817921 0.369563 0.142483 0.447226 0.727155 0.519417 0.741074 0.343801 0.628805 0.445894 0.393322 0.419257 0.344233 0.737809 0.610349 0.943098 0.821981
0.007287 0.483634 0.594664 0.116990 0.153042 0.874859 0.373361 0.187263 0.778559 0.573047 0.295820 0.327863 0.616568 0.908228 0.003413 0.471009 0.209869 0.017436 0.208211 0.253767 0.820611 0.135029 0.116346 0.970751 0.610327 0.924350 0.990001 0.331016 0.170190 0.910967 0.625111 0.159957 0.956229 0.626554 0.130621 0.607881 0.068276 0.882352 0.817053 0.328669 0.904334 0.080237 0.508311 0.889653 0.854032 0.864436 0.947517 0.570109 0.866282 0.096590 0.673495 0.146922 0.212142 0.668630 0.557678 0.775916 0.171520 0.502860 0.279909 0.523334 0.708536 0.139515 0.934376 0.502407 0.130142 0.003649 0.603200 0.014878 0.192804 0.155853 0.502401 0.856749 0.472846 0.558157 0.710090 0.218045 0.340165 0.296688 0.108145 0.499783 0.456217 0.683279 0.078968 0.197918 0.297184 0.720769 0.961059 0.428167 0.094618 0.806876 0.566080 0.702428 0.426810 0.968032 0.324110 0.696446 0.072754 0.390470 0.914950 0.284428
0.141111 0.731493 0.317802 0.634988 0.001875 0.273487 0.838911 0.481799 0.462244 0.408645 0.998047 0.477771 0.360964 0.851740 0.770524 0.392567 0.384232 0.447052 0.365223 0.506254 0.662200 0.833465 0.312074 0.326956 0.569935 0.141809 0.478106 0.944139 0.670003 0.718738 0.602061 0.606618 0.511883 0.770082 0.288974 0.598127 0.286911 0.662540 0.397337 0.826303 0.620088 0.408996 0.518755 0.215218 0.072920 0.984086 0.170821 0.509117 0.303359 0.054782 0.620140 0.131988 0.501778 0.066788 0.248437 0.190368 0.013103 0.706714 0.740949 0.514134 0.106139 0.828710 0.353909 0.264307 0.435045 0.949859 0.700028 0.756859 0.486223 0.097436 0.295905 0.135117 0.552367 0.623755 0.343314 0.179187 0.322079 0.751320 0.692240 0.612627 0.148990 0.714290 0.646619 0.789065 0.398895 0.417886 0.888588 0.719438 0.907291 0.531473 0.214046 0.417325 0.339598 0.134966 0.278414 0.277519 0.746675 0.733507 0.981431 0.437267
0.809016 0.484850 0.451178 0.742213 0.702941 0.245497 0.438882 0.375345 0.227055 0.959185 0.037663 0.951073 0.310831 0.561188 0.547001 0.286171 0.038886 0.909415 0.551167 0.529006 0.800702 0.123208 0.746109 0.532289 0.244180 0.645893 0.187654 0.206580 0.789405 0.736020 0.730051 0.630937 0.685222 0.995466 0.268249 0.715645 0.453049 0.314334 0.821480 0.518801 0.118550 0.580753 0.996626 0.986677 0.685141 0.436465 0.980083 0.892811 0.154322 0.735594 0.134628 0.741517 0.289368 0.530087 0.299384 0.484137 0.723084 0.731819 0.043818 0.105237 0.224502 0.202247 0.053645 0.866151 0.247034 0.694826 0.064057 0.203774 0.125325 0.988789 0.823889 0.041171 0.574101 0.674257 0.503915 0.396618 0.020607 0.419541 0.846866 0.091313 0.217749 0.626474 0.286603 0.157253 0.238978 0.998526 0.647624 0.846058 0.531624 0.333659 0.545674 0.415905 0.300408 0.199984 0.479099 0.005634 0.905264 0.460954 0.392639 0.959728
0.904046 0.441916 0.354380 0.217995 0.070649 0.207876 0.693643 0.168117 0.189880 0.922892 0.818905 0.215636 0.534490 0.686113 0.015251 0.256424 0.933333 0.358370 0.041452 0.942187 0.297508 0.364457 0.915804 0.972833 0.815239 0.635474 0.971565 0.045047 0.559036 0.464564 0.596317 0.062695 0.703208 0.655826 0.446605 0.113587 0.985851 0.176114 0.669132 0.922437 0.649773 0.830476 0.256419 0.022264 0.038759 0.536627 0.210572 0.861947 0.572627 0.097271 0.288522 0.127732 0.093618 0.991308 0.980687 0.978256 0.015123 0.812403 0.845819 0.594862 0.703610 0.276863 0.393097 0.841282 0.981060 0.124238 0.305295 0.617882 0.138555 0.518841 0.496063 0.799154 0.048265 0.234460 0.168229 0.461290 0.370552 0.202084 0.646260 0.775159 0.242575 0.563379 0.246749 0.694459 0.684869 0.874982 0.825668 0.847017 0.363401 0.545381 0.292199 0.028330 0.712365 0.189799 0.038673 0.959644 0.157751 0.258125 0.584823 0.256268
0.393597 0.378998 0.788185 0.427435 0.210602 0.233445 0.357082 0.648567 0.340521 0.423372 0.423311 0.311249 0.962144 0.946871 0.647013 0.788391 0.828519 0.836973 0.418323 0.406467 0.767411 0.556006 0.537750 0.818364 0.250873 0.188119 0.797526 0.339614 0.998504 0.904131 0.630981 0.118658 0.486918 0.344716 0.606315 0.469477 0.540116 0.400092 0.534906 0.097104 0.069570 0.597845 0.846655 0.392877 0.819190 0.448960 0.365972 0.631297 0.455371 0.328050 0.036821 0.510469 0.848006 0.630897 0.449771 0.339315 0.715336 0.418038 0.884478 0.283722 0.266200 0.357666 0.474678 0.087424 0.467663 0.722962 0.031623 0.781572 0.308935 0.569895 0.368217 0.706223 0.779195 0.358839 0.230114 0.232714 0.571564 0.059524 0.731122 0.914257 0.960083 0.210466 0.794206 0.021210 0.138113 0.394316 0.690564 0.136008 0.088599 0.604387 0.716589 0.510490 0.666240 0.453768 0.149911 0.133195 0.949548 0.644050 0.557641 0.864780
0.389857 0.000873 0.925316 0.550437 0.193779 0.447635 0.615356 0.408422 0.145722 0.405020 0.617074 0.148410 0.955336 0.315776 0.017351 0.075278 0.064225 0.352141 0.509182 0.008939 0.560065 0.178729 0.979681 0.956110 0.345389 0.789918 0.722722 0.200859 0.175345 0.288522 0.453819 0.277594 0.483288 0.901202 0.248275 0.417909 0.600621 0.538206 0.639954 0.567039 0.305934 0.915881 0.533822 0.198843 0.039052 0.652320 0.352766 0.526812 0.920316 0.686729 0.628982 0.626728 0.536581 0.770427 0.857021 0.411268 0.324906 0.793739 0.259753 0.823317 0.029695 0.360344 0.623735 0.717527 0.028444 0.085423 0.945188 0.984159 0.508907 0.425113 0.283651 0.189905 0.861077 0.922729 0.383229 0.586669 0.658316 0.593220 0.618644 0.684464 0.723889 0.581494 0.141853 0.729487 0.880983 0.737152 0.769685 0.921716 0.916634 0.129664 0.898670 0.393248 0.851577 0.950105 0.784963 0.654564 0.027873 0.145262 0.821288 0.887929
0.571930 0.005260 0.246584 0.669321 0.035974 0.418996 0.583829 0.599080 0.039345 0.420280 0.918558 0.475561 0.896946 0.356177 0.300395 0.517588 0.945186 0.380609 0.790525 0.373974 0.533442 0.242546 0.232723 0.401280 0.378517 0.472400 0.604499 0.649731 0.419200 0.994377 0.202808 0.424579 0.131676 0.526320 0.503614 0.943989 0.507425 0.204756 0.036911 0.734090 0.003499 0.711241 0.429512 0.411814 0.306701 0.029530 0.354746 0.509241 0.407720 0.932583 0.401470 0.484143 0.298889 0.885261 0.229371 0.835444 0.528352 0.220250 0.229736 0.973727 0.130816 0.269623 0.546569 0.054477 0.363113 0.632137 0.119236 0.798124 0.852649 0.181363 0.336199 0.493686 0.823326 0.338364 0.070319 0.743532 0.455110 0.386479 0.370093 0.898199 0.125039 0.411453 0.562930 0.562185 0.541819 0.658249 0.252400 0.059176 0.179508 0.993234 0.230392 0.148040 0.124063 0.200771 0.568060 0.733942 0.194448 0.049113 0.181181 0.545903
0.648115 0.673466 0.701476 0.601455 0.033304 0.059227 0.928179 0.324408 0.938765 0.064247 0.594813 0.943788 0.588233 0.090963 0.940439 0.509058 0.786170 0.387454 0.486947 0.931247 0.707465 0.017415 0.828124 0.335129 0.258764 0.922944 0.245421 0.566112 0.437014 0.535266 0.163343 0.135770 0.998507 0.589458 0.804080 0.186409 0.925613 0.803555 0.140221 0.908666 0.270245 0.484408 0.319863 0.655957 0.973360 0.849168 0.766681 0.764407 0.828211 0.594602 0.895281 0.864083 0.891846 0.857978 0.206619 0.282284 0.034070 0.008456 0.970814 0.707684 0.190488 0.675624 0.517759 0.281936 0.430035 0.937987 0.277736 0.905971 0.572024 0.362122 0.360738 0.781533 0.431358 0.716301 0.083194 0.175160 0.992415 0.266471 0.401429 0.621491 0.872401 0.923117 0.811246 0.220992 0.667449 0.066311 0.589959 0.799564 0.832399 0.292830 0.098053 0.821059 0.503773 0.955521 0.485037 0.747997 0.582730 0.498388 0.105923 0.770953
0.278506 0.951738 0.978396 0.981334 0.887260 0.687833 0.211435 0.001945 0.413555 0.990067 0.212686 0.837700 0.905824 0.345301 0.344850 0.321659 0.976899 0.737771 0.127585 0.990501 0.179553 0.254844 0.281553 0.228897 0.391396 0.587000 0.985587 0.074010 0.015183 0.888369 0.906926 0.634067 0.459669 0.362898 0.284338 0.505932 0.977437 0.832804 0.917452 0.622156 0.831093 0.426977 0.915487 0.812795 0.253173 0.984065 0.067528 0.899632 0.997074 0.458433 0.266335 0.151870 0.407647 0.104746 0.432063 0.703428 0.511750 0.973961 0.055413 0.426557 0.302296 0.669792 0.149658 0.219211 0.915788 0.153286 0.892689 0.393537 0.207714 0.081937 0.471544 0.697802 0.647763 0.584903 0.961541 0.712250 0.112694 0.161033 0.157738 0.549087 0.843085 0.045894 0.205077 0.577402 0.593376 0.534281 0.015001 0.908031 0.841110 0.956009 0.934706 0.262621 0.021143 0.953017 0.900594 0.091790 0.521709 0.186727 0.403943 0.380406
0.597613 0.239031 0.373429 0.381760 0.525613 0.877628 0.455187 0.225619 0.498720 0.318538 0.421954 0.371560 0.343921 0.043973 0.837990 0.288467 0.173282 0.380350 0.853445 0.711460 0.145938 0.129210 0.038841 0.605165 0.492309 0.091704 0.398077 0.486240 0.574786 0.316504 0.001465 0.782032 0.142720 0.246979 0.732565 0.258634 0.978805 0.534232 0.708929 0.493979 0.117466 0.060319 0.705789 0.086836 0.374675 0.219632 0.141676 0.152701 0.864222 0.020526 0.200437 0.415213 0.133969 0.106757 0.922807 0.345608 0.833593 0.448046 0.580252 0.138141 0.209937 0.662838 0.526638 0.197608 0.039485 0.578185 0.191581 0.269200 0.480967 0.620620 0.502674 0.094390 0.504199 0.799089 0.618163 0.123936 0.600739 0.176224 0.280538 0.201648 0.275752 0.151972 0.509244 0.637112 0.789009 0.626189 0.700375 0.369186 0.928042 0.713500 0.482995 0.657817 0.760648 0.270191 0.296776 0.410376 0.555390 0.149662 0.775647 0.056870
0.408031 0.392882 0.772625 0.478890 0.216271 0.490848 0.094379 0.649305 0.930541 0.503721 0.091430 0.099387 0.855658 0.814680 0.130083 0.796672 0.118164 0.461428 0.865057 0.514234 0.232158 0.625861 0.748863 0.954563 0.970738 0.900449 0.074342 0.528245 0.552789 0.313010 0.114004 0.651401 0.809381 0.674515 0.049497 0.741297 0.659242 0.363079 0.919624 0.123491 0.089206 0.265763 0.981330 0.382429 0.786985 0.042802 0.326253 0.696427 0.496499 0.185835 0.255427 0.204345 0.047098 0.074401 0.104608 0.626379 0.130486 0.948076 0.901498 0.064066 0.279964 0.752762 0.488053 0.875184 0.406781 0.499286 0.204186 0.063579 0.315951 0.030868 0.725086 0.376804 0.504313 0.459045 0.613096 0.429220 0.849373 0.028241 0.285465 0.743785 0.314320 0.300986 0.131217 0.962139 0.376135 0.830222 0.561825 0.351982 0.039063 0.729963 0.564069 0.163455 0.756802 0.059870 0.288392 0.866473 0.959301 0.127440 0.194745 0.953550
0.872083 0.536178 0.285048 0.339154 0.683316 0.049400 0.566439 0.228834 0.198170 0.557929 0.701201 0.186951 0.307759 0.599436 0.062397 0.295177 0.539314 0.431513 0.298155 0.497748 0.446897 0.477369 0.048036 0.464805 0.638652 0.208403 0.691947 0.687072 0.235046 0.981779 0.044916 0.796430 0.807785 0.429633 0.916814 0.333597 0.287465 0.099204 0.341057 0.428355 0.044485 0.063491 0.727340 0.862671 0.530507 0.041079 0.575028 0.747106 0.344359 0.662759 0.655408 0.012813 0.092249 0.258545 0.542427 0.664133 0.134184 0.911464 0.281929 0.244131 0.667752 0.768621 0.891913 0.632993 0.892173 0.922877 0.251280 0.641673 0.176942 0.754595 0.468045 0.289926 0.134714 0.781444 0.890156 0.393761 0.789385 0.329121 0.526449 0.862697 0.272201 0.750225 0.676166 0.225461 0.882784 0.464932 0.830656 0.498084 0.137044 0.565966 0.854426 0.421357 0.332894 0.161452 0.065238 0.049432 0.351463 0.784702 0.568300 0.814151
0.318468 0.683417 0.766921 0.415379 0.940180 0.928160 0.818966 0.500684 0.279079 0.648827 0.206196 0.709416 0.383769 0.025314 0.375585 0.761780 0.772452 0.516875 0.603394 0.424959 0.458317 0.237097 0.804660 0.275264 0.190235 0.086455 0.787000 0.302495 0.690446 0.261414 0.164506 0.516846 0.519063 0.460020 0.634397 0.714664 0.981664 0.060942 0.401411 0.167343 0.695687 0.269727 0.437534 0.861371 0.408333 0.568215 0.204916 0.719110 0.550087 0.380409 0.480455 0.213568 0.766969 0.697719 0.498447 0.913485 0.008920 0.557638 0.542052 0.417474 0.034647 0.932714 0.293297 0.106567 0.455362 0.313981 0.747769 0.184191 0.968348 0.758504 0.879404 0.680688 0.382700 0.666646 0.323213 0.068948 0.263991 0.812123 0.982302 0.291100 0.145324 0.564069 0.584572 0.578905 0.047943 0.959498 0.313088 0.290974 0.796683 0.926520 0.023126 0.710384 0.995238 0.599970 0.827122 0.791794 0.112204 0.584987 0.095160 0.410413
