50.09227 0.757584 0.533190 0.977467 0.516324 0.103792 0.492463 0.390983 0.990195 0.338720 0.659270 0.513380 0.403224 0.135587 0.293608 0.358984 0.142717 0.267635 0.332479 0.263366 0.212752 0.326072 0.253679 0.113735 0.961191 0.617292 0.835779 0.887763 0.905667 0.614737 0.740071 0.116145 0.013490 0.049720 0.201677 0.923081 0.443226 0.183202 0.731768 0.744097 0.281689 0.831989 0.719411 0.298046 0.458633 0.213347 0.794105 0.115809 0.720211 0.217248
0.317133 0.352278 0.969023 0.695284 0.203724 0.394090 0.208163 0.932034 0.216599 0.188835 0.213646 0.311312 0.751441 0.549403 0.563677 0.079483 0.517157 0.604169 0.476939 0.491900 0.880149 0.970854 0.032053 0.159989 0.703240 0.271161 0.084483 0.183577 0.144690 0.940637 0.169592 0.813476 0.761823 0.779248 0.893655 0.491742 0.457251 0.149483 0.179572 0.947103 0.530270 0.565158 0.549236 0.581364 0.334514 0.530464 0.316423 0.049740 0.815439 0.364908
0.375764 0.355545 0.462704 0.898666 0.877837 0.181397 0.153668 0.940453 0.595920 0.713854 0.631105 0.788781 0.982914 0.219750 0.140823 0.846127 0.166432 0.054094 0.441704 0.871463 0.055083 0.659307 0.062797 0.758559 0.708050 0.336667 0.761940 0.737354 0.213306 0.270940 0.909277 0.068505 0.940418 0.960545 0.366106 0.903793 0.162504 0.971124 0.669564 0.614304 0.864618 0.188341 0.886226 0.041359 0.033928 0.782201 0.088955 0.079368 0.421610 0.166048
0.808479 0.415706 0.235616 0.435726 0.247916 0.122439 0.792662 0.099960 0.203809 0.138519 0.369170 0.921442 0.441500 0.746490 0.430499 0.053391 0.782905 0.442481 0.803020 0.211558 0.899935 0.199715 0.932981 0.852931 0.888447 0.331372 0.228304 0.113725 0.275766 0.394567 0.765752 0.140913 0.524846 0.825504 0.363902 0.039338 0.099323 0.020947 0.807048 0.206379 0.056249 0.762079 0.584010 0.488725 0.582607 0.800114 0.456388 0.166375 0.882911 0.697227
0.488626 0.086481 0.914014 0.732399 0.108312 0.637981 0.257255 0.280374 0.435750 0.464742 0.500815 0.953845 0.044371 0.484703 0.491890 0.998125 0.177455 0.812633 0.552429 0.434549 0.412052 0.638277 0.475907 0.035276 0.052228 0.920066 0.174621 0.591446 0.338761 0.514796 0.552458 0.439232 0.713612 0.669860 0.919172 0.584768 0.242018 0.442559 0.744881 0.858260 0.593006 0.279643 0.727370 0.627076 0.855685 0.048423 0.735159 0.689850 0.457291 0.727700
0.554280 0.143287 0.460722 0.487097 0.015836 0.885333 0.838309 0.783031 0.176556 0.329499 0.169521 0.719199 0.080123 0.634981 0.337122 0.997194 0.147821 0.925092 0.959269 0.752766 0.084389 0.567259 0.913015 0.759949 0.477592 0.703828 0.041072 0.031610 0.713636 0.524779 0.858816 0.352165 0.993185 0.968715 0.935043 0.726260 0.477973 0.166304 0.833119 0.797916 0.653254 0.968803 0.753039 0.096962 0.637213 0.615130 0.802529 0.127819 0.076087 0.594689
0.148977 0.256843 0.283501 0.144438 0.091619 0.393517 0.923812 0.323188 0.692640 0.359216 0.858933 0.128651 0.686260 0.176214 0.440994 0.135296 0.970217 0.714734 0.122657 0.805156 0.884890 0.942484 0.779926 0.592085 0.383537 0.432893 0.205052 0.582786 0.827660 0.420040 0.718880 0.999785 0.486647 0.518195 0.934359 0.064175 0.982683 0.863801 0.404891 0.004065 0.424435 0.953993 0.105490 0.174629 0.056737 0.273153 0.124829 0.774048 0.718731 0.198915
0.324600 0.292785 0.563788 0.904850 0.352937 0.408783 0.565287 0.454373 0.742262 0.667808 0.364039 0.578777 0.090269 0.823466 0.535236 0.477358 0.302398 0.020120 0.607016 0.032181 0.738438 0.688092 0.047994 0.436227 0.156668 0.050226 0.593012 0.928622 0.127891 0.507799 0.304002 0.922486 0.556370 0.449313 0.616388 0.502281 0.185729 0.841366 0.665878 0.223322 0.738330 0.933295 0.492899 0.087157 0.909531 0.797427 0.186039 0.698361 0.260422 0.527750
0.260320 0.390798 0.325263 0.633181 0.817053 0.512329 0.058977 0.914848 0.305152 0.186092 0.093346 0.276626 0.343505 0.129175 0.225115 0.113028 0.595551 0.892050 0.135116 0.934892 0.762921 0.190997 0.236667 0.492024 0.960531 0.593352 0.240328 0.869261 0.054202 0.805789 0.792498 0.657092 0.599156 0.280600 0.531337 0.218211 0.101033 0.338133 0.640672 0.088574 0.494831 0.889758 0.649557 0.887384 0.304065 0.079983 0.951885 0.311655 0.382428 0.327201
0.252887 0.766958 0.337623 0.357459 0.555529 0.680993 0.493773 0.952219 0.157674 0.236712 0.648555 0.016181 0.587140 0.175052 0.543757 0.647698 0.691694 0.569076 0.885669 0.307039 0.110433 0.858046 0.463849 0.891801 0.472409 0.232386 0.834969 0.317697 0.438334 0.351372 0.231881 0.596185 0.402743 0.809678 0.703569 0.728130 0.185069 0.390970 0.390726 0.185148 0.615033 0.184968 0.531182 0.383494 0.984265 0.885325 0.647945 0.496492 0.599732 0.540805
0.440372 0.645592 0.331229 0.634410 0.315928 0.928396 0.414516 0.482751 0.715360 0.036757 0.336060 0.951919 0.282584 0.001635 0.277603 0.616116 0.634080 0.734505 0.238676 0.903642 0.114703 0.817868 0.679764 0.078185 0.241982 0.301144 0.215493 0.362777 0.049331 0.888049 0.951225 0.788868 0.669787 0.140400 0.345381 0.685037 0.412420 0.619511 0.331584 0.886316 0.183331 0.360425 0.343479 0.558757 0.734453 0.588715 0.483629 0.645885 0.524460 0.969133
0.771040 0.180590 0.252142 0.070187 0.684038 0.762429 0.316484 0.700182 0.182855 0.967926 0.681660 0.059599 0.536086 0.352313 0.517966 0.256845 0.189060 0.861517 0.534088 0.369440 0.147509 0.714831 0.896500 0.131290 0.083370 0.671918 0.350571 0.027100 0.863952 0.629232 0.832054 0.382384 0.961156 0.047999 0.970506 0.875719 0.098557 0.695202 0.600394 0.909067 0.231700 0.030909 0.110332 0.629318 0.974973 0.463419 0.271523 0.524531 0.085488 0.050206
0.699843 0.204899 0.143806 0.833484 0.718991 0.831650 0.491495 0.192779 0.656348 0.205876 0.148817 0.105263 0.700255 0.157614 0.877805 0.984482 0.463817 0.646064 0.338751 0.912834 0.448092 0.175832 0.478880 0.289230 0.159990 0.224091 0.881410 0.993154 0.024168 0.582979 0.298241 0.542525 0.703323 0.281273 0.373295 0.612509 0.703747 0.996537 0.531110 0.737919 0.011581 0.815748 0.807158 0.849673 0.100217 0.939381 0.929949 0.846877 0.007520 0.115109
0.581817 0.402279 0.714073 0.012346 0.343685 0.615244 0.359438 0.533645 0.117238 0.973924 0.287362 0.393747 0.722078 0.416781 0.387751 0.503327 0.656675 0.002974 0.701600 0.915007 0.834220 0.538744 0.026464 0.418904 0.022218 0.944292 0.273784 0.634481 0.194358 0.726644 0.496938 0.509077 0.006794 0.859195 0.170742 0.760421 0.846053 0.757507 0.267669 0.240149 0.360138 0.490816 0.150663 0.709023 0.968250 0.249526 0.000820 0.058578 0.664124 0.933117
0.286150 0.572910 0.364884 0.146250 0.839749 0.831400 0.004570 0.845414 0.696185 0.310444 0.242474 0.410900 0.337082 0.365827 0.433251 0.307116 0.272222 0.393757 0.634336 0.794571 0.971671 0.125496 0.813718 0.537933 0.469509 0.544825 0.604198 0.101517 0.310624 0.529201 0.336885 0.075358 0.099000 0.684198 0.300670 0.725736 0.998968 0.076140 0.128402 0.666188 0.838929 0.790518 0.057083 0.888172 0.384513 0.246975 0.672495 0.623596 0.458322 0.438735
0.899301 0.880240 0.674769 0.798469 0.707534 0.494441 0.055440 0.908031 0.003867 0.762608 0.879609 0.238244 0.754026 0.887841 0.051909 0.141522 0.067892 0.241270 0.232510 0.534002 0.146970 0.347639 0.131355 0.803223 0.049679 0.590212 0.319685 0.612473 0.811521 0.150626 0.919614 0.229067 0.641375 0.975491 0.953652 0.512450 0.534708 0.574418 0.086753 0.124426 0.310775 0.102268 0.016967 0.489295 0.891324 0.049443 0.817079 0.624570 0.619297 0.168101
0.847203 0.157838 0.723572 0.543396 0.172774 0.669106 0.112990 0.406665 0.576794 0.289313 0.349751 0.144227 0.174838 0.524581 0.109393 0.096678 0.826657 0.852397 0.221187 0.797565 0.045246 0.452075 0.671915 0.027178 0.853913 0.424373 0.398280 0.135376 0.114178 0.156185 0.014552 0.021647 0.654131 0.022015 0.717958 0.332839 0.841867 0.497070 0.406869 0.740456 0.865702 0.890574 0.512938 0.125716 0.019403 0.728912 0.878244 0.344938 0.273964 0.429898
0.943689 0.589498 0.225516 0.407513 0.480044 0.525347 0.125134 0.392512 0.496752 0.851255 0.566043 0.670003 0.127719 0.805036 0.673189 0.065923 0.860687 0.487826 0.713307 0.055444 0.034653 0.470537 0.821417 0.786567 0.248929 0.635037 0.288647 0.610441 0.461986 0.870494 0.725004 0.977973 0.210291 0.225376 0.491446 0.366355 0.810190 0.275532 0.186727 0.872707 0.027203 0.027245 0.175502 0.990209 0.221471 0.465408 0.432581 0.769866 0.810313 0.479418
0.563554 0.810479 0.392044 0.244663 0.471019 0.608398 0.897182 0.651196 0.623873 0.560521 0.638127 0.058964 0.736598 0.917203 0.611373 0.323806 0.799264 0.212338 0.325556 0.950184 0.137612 0.745320 0.376358 0.645622 0.253017 0.302819 0.266808 0.334801 0.996686 0.557118 0.221420 0.632479 0.106550 0.202187 0.100368 0.485827 0.213169 0.540089 0.449171 0.598868 0.170726 0.605980 0.219644 0.081079 0.321101 0.897129 0.059667 0.269857 0.197729 0.578529
0.997001 0.417772 0.757252 0.941436 0.758664 0.950906 0.699663 0.014836 0.214368 0.384572 0.594316 0.910700 0.032810 0.749713 0.322980 0.074600 0.835083 0.942040 0.592804 0.951677 0.968815 0.591694 0.971815 0.529188 0.210846 0.940829 0.980749 0.119261 0.342355 0.730772 0.358878 0.031425 0.294059 0.397082 0.398131 0.027138 0.805316 0.758355 0.722811 0.636337 0.954203 0.000384 0.763938 0.635609 0.940499 0.922531 0.330072 0.369554 0.227336 0.183053
0.267322 0.753248 0.524208 0.995676 0.918800 0.860825 0.216789 0.803794 0.954450 0.198341 0.597559 0.395012 0.052969 0.503426 0.060066 0.122456 0.271502 0.580723 0.395012 0.756863 0.872539 0.655907 0.632638 0.933445 0.566465 0.583753 0.187495 0.170119 0.261600 0.302555 0.567694 0.849092 0.532080 0.737537 0.303525 0.491960 0.959879 0.521056 0.290898 0.257116 0.012677 0.663035 0.206481 0.428762 0.329965 0.114277 0.496832 0.656145 0.640506 0.209060
0.604643 0.546181 0.492797 0.694810 0.943348 0.378495 0.464217 0.792002 0.139439 0.573090 0.844205 0.532757 0.337781 0.121740 0.918518 0.008858 0.274420 0.387731 0.043196 0.558274 0.735618 0.663884 0.139826 0.252441 0.971340 0.241955 0.109608 0.926806 0.013585 0.455865 0.723325 0.179076 0.290376 0.940876 0.768434 0.498665 0.936833 0.190025 0.823916 0.034615 0.946486 0.332383 0.276437 0.305644 0.350110 0.106366 0.104016 0.873624 0.837850 0.822438
0.607727 0.495342 0.387133 0.563154 0.067356 0.274688 0.416814 0.129219 0.733502 0.031575 0.212353 0.820512 0.303204 0.206937 0.919965 0.650196 0.759392 0.973589 0.898499 0.540806 0.434714 0.396070 0.908089 0.195589 0.772549 0.991660 0.853610 0.377575 0.594370 0.530464 0.538523 0.243866 0.526817 0.132452 0.709048 0.741549 0.542835 0.159692 0.316039 0.006730 0.636780 0.296649 0.365779 0.312613 0.034782 0.291836 0.833924 0.232867 0.522261 0.936440
0.763242 0.662055 0.577391 0.464348 0.219815 0.233759 0.656213 0.206871 0.126250 0.493159 0.082531 0.170213 0.533747 0.318109 0.552279 0.759235 0.404609 0.581941 0.761508 0.652641 0.538186 0.803782 0.175534 0.857140 0.542819 0.474172 0.575496 0.631640 0.644154 0.618750 0.420003 0.092377 0.858435 0.205280 0.722040 0.244568 0.647915 0.656492 0.569157 0.080607 0.499245 0.642303 0.215798 0.974810 0.021454 0.627811 0.764488 0.334830 0.356283 0.191224
0.316360 0.020841 0.255086 0.595026 0.841380 0.355195 0.443600 0.933759 0.375128 0.300871 0.604182 0.033012 0.867142 0.036575 0.283689 0.747167 0.658302 0.605957 0.616653 0.369349 0.765910 0.519248 0.459439 0.945990 0.274320 0.070244 0.147466 0.877921 0.721349 0.563612 0.739583 0.215579 0.807352 0.643111 0.552311 0.631838 0.924545 0.045570 0.735636 0.595556 0.547871 0.169016 0.914150 0.972337 0.145854 0.828345 0.833732 0.682764 0.043148 0.833619
0.183791 0.239507 0.517823 0.045701 0.424523 0.361123 0.996518 0.283325 0.063639 0.382227 0.609764 0.832712 0.529720 0.449504 0.689492 0.708668 0.683119 0.821630 0.496301 0.984802 0.558228 0.208320 0.743842 0.617608 0.629966 0.657199 0.396705 0.658245 0.814001 0.862428 0.912243 0.317327 0.395962 0.233061 0.116966 0.048604 0.519632 0.190778 0.627744 0.351416 0.302957 0.177711 0.693211 0.757880 0.621994 0.591631 0.004931 0.678572 0.028606 0.571038
0.771528 0.774134 0.718822 0.274499 0.812807 0.887461 0.996765 0.603492 0.294389 0.274436 0.046602 0.606937 0.870366 0.453331 0.825082 0.256145 0.010550 0.178326 0.872544 0.057464 0.298185 0.885883 0.584802 0.530090 0.985485 0.600611 0.433267 0.744022 0.486410 0.504386 0.679059 0.661871 0.011661 0.033230 0.600429 0.443152 0.259372 0.658661 0.568520 0.352037 0.774001 0.412358 0.583845 0.169021 0.320795 0.837975 0.307438 0.896208 0.710114 0.631869
0.568804 0.560416 0.164920 0.823692 0.195372 0.045604 0.884258 0.950765 0.036879 0.033055 0.131038 0.692360 0.821135 0.962113 0.414697 0.066099 0.604876 0.126431 0.193227 0.663077 0.005578 0.778427 0.034688 0.004136 0.919973 0.017711 0.102332 0.490296 0.845926 0.497998 0.270683 0.759043 0.412444 0.177028 0.671147 0.970942 0.721293 0.630494 0.473842 0.841738 0.568788 0.287035 0.077534 0.188706 0.993190 0.247464 0.491812 0.911253 0.108403 0.155627
0.216194 0.466030 0.180100 0.460101 0.423681 0.506318 0.829672 0.314529 0.496974 0.011683 0.596495 0.091910 0.401457 0.859532 0.714250 0.048978 0.481688 0.216064 0.093301 0.990397 0.336392 0.089779 0.539392 0.925411 0.173179 0.514630 0.274801 0.234666 0.951839 0.399073 0.565309 0.900551 0.341680 0.302033 0.470560 0.983929 0.334252 0.053761 0.128636 0.763226 0.928470 0.339828 0.876329 0.490284 0.746476 0.069644 0.198729 0.324094 0.638448 0.704193
0.885517 0.443259 0.184372 0.841877 0.356176 0.422748 0.765315 0.760617 0.292675 0.252358 0.568665 0.652056 0.006816 0.662826 0.216803 0.835011 0.321684 0.899336 0.891323 0.528496 0.324566 0.598257 0.342655 0.016112 0.836203 0.438216 0.983115 0.442104 0.796713 0.881018 0.777166 0.753089 0.980259 0.295211 0.665348 0.426020 0.182200 0.640082 0.221957 0.061201 0.688706 0.496826 0.934500 0.799524 0.101513 0.853653 0.476965 0.775547 0.605228 0.211897
0.883460 0.223685 0.375597 0.487493 0.237132 0.843652 0.179514 0.027501 0.749576 0.809769 0.903723 0.412719 0.568966 0.411058 0.914262 0.754611 0.815308 0.075906 0.157362 0.732192 0.336535 0.457732 0.536091 0.973428 0.831170 0.830187 0.909719 0.222787 0.349931 0.973043 0.193809 0.601141 0.065873 0.453709 0.052221 0.974778 0.610510 0.878267 0.346259 0.010262 0.717109 0.647823 0.311996 0.082589 0.227936 0.036686 0.259182 0.149920 0.341041 0.545973
0.293086 0.025010 0.327961 0.288002 0.746620 0.932728 0.952768 0.674769 0.300431 0.308558 0.621610 0.070215 0.206947 0.494324 0.122851 0.067781 0.199221 0.040030 0.893321 0.385204 0.428374 0.785010 0.323259 0.404632 0.721919 0.926206 0.916119 0.937100 0.044031 0.382636 0.881191 0.364332 0.158519 0.768531 0.073506 0.041374 0.999664 0.189137 0.237023 0.513922 0.585364 0.864335 0.777309 0.365949 0.777194 0.300551 0.819394 0.767884 0.430185 0.214421
0.212477 0.771281 0.539745 0.040378 0.040123 0.713350 0.748271 0.217100 0.365741 0.835629 0.433491 0.887036 0.362674 0.951191 0.251205 0.946207 0.366173 0.596149 0.101586 0.530678 0.909919 0.661535 0.647802 0.016862 0.908730 0.192754 0.366551 0.305162 0.695009 0.255757 0.110613 0.993703 0.289013 0.526560 0.668032 0.163046 0.135621 0.325802 0.829129 0.640718 0.878870 0.157214 0.197029 0.380825 0.330923 0.028777 0.958193 0.424807 0.057271 0.627411
0.025543 0.698476 0.152111 0.702995 0.050648 0.484746 0.046412 0.375254 0.596342 0.757975 0.895161 0.064685 0.486369 0.497783 0.630444 0.968557 0.221681 0.833698 0.506159 0.566925 0.610803 0.539170 0.830250 0.021390 0.481651 0.513225 0.579034 0.161398 0.896710 0.418467 0.444955 0.478408 0.204276 0.482330 0.836275 0.377371 0.127927 0.175166 0.988576 0.138950 0.341054 0.016250 0.173793 0.140212 0.522560 0.375797 0.431630 0.394694 0.728883 0.588346
0.624906 0.692633 0.797579 0.000045 0.269449 0.590994 0.538180 0.531490 0.050854 0.192245 0.861036 0.649542 0.571215 0.093491 0.438314 0.285932 0.753381 0.575896 0.124189 0.864647 0.895984 0.053023 0.213650 0.773938 0.757093 0.165547 0.955074 0.437677 0.453983 0.700521 0.725910 0.519477 0.536835 0.499657 0.312742 0.295051 0.531595 0.839590 0.677107 0.546356 0.133180 0.670655 0.098976 0.777008 0.031223 0.484183 0.017372 0.549781 0.031439 0.597158
0.707824 0.973597 0.784964 0.063745 0.626032 0.540828 0.415690 0.455719 0.368625 0.037835 0.292006 0.273623 0.030719 0.698918 0.548073 0.021416 0.422638 0.373269 0.495731 0.316149 0.371807 0.125597 0.184415 0.301442 0.183737 0.397692 0.069069 0.854746 0.416217 0.347452 0.890605 0.977951 0.737143 0.175763 0.101755 0.582417 0.748469 0.690206 0.586777 0.513826 0.687888 0.378440 0.524439 0.074300 0.134381 0.103773 0.173581 0.525293 0.023212 0.953238
0.451899 0.882004 0.719575 0.602536 0.280569 0.738781 0.281672 0.049789 0.121486 0.234480 0.534534 0.644363 0.235765 0.833604 0.032295 0.207581 0.920794 0.447082 0.667317 0.651850 0.351762 0.618803 0.821697 0.155801 0.509707 0.781016 0.118929 0.889884 0.328565 0.764765 0.231953 0.786472 0.011503 0.786168 0.041226 0.404113 0.491506 0.658090 0.788449 0.802924 0.535546 0.116644 0.730086 0.309554 0.006395 0.320067 0.504449 0.908078 0.759363 0.914331
0.237603 0.941484 0.914171 0.135568 0.707363 0.681464 0.217864 0.528363 0.392727 0.754667 0.562528 0.744875 0.494037 0.667610 0.125376 0.770953 0.234924 0.896583 0.278830 0.322512 0.463413 0.759583 0.121672 0.165251 0.851986 0.284879 0.126278 0.320664 0.474481 0.692973 0.385640 0.072284 0.630292 0.332428 0.604088 0.028095 0.328893 0.603698 0.847746 0.520148 0.748605 0.805759 0.785462 0.259100 0.257285 0.471565 0.204309 0.468841 0.797848 0.794551
0.383456 0.472709 0.077275 0.813682 0.729761 0.287794 0.236790 0.578288 0.857206 0.794787 0.937033 0.754583 0.041724 0.906293 0.014407 0.119369 0.653726 0.312713 0.799233 0.631513 0.922598 0.828228 0.468736 0.274519 0.457070 0.715587 0.774878 0.924257 0.141731 0.552576 0.616101 0.729224 0.935381 0.560070 0.407291 0.058735 0.357356 0.909773 0.105769 0.102617 0.567838 0.905112 0.436312 0.470437 0.717533 0.185717 0.719532 0.171194 0.000073 0.324344
0.781754 0.676675 0.255139 0.040863 0.149724 0.507773 0.467274 0.073383 0.703273 0.315874 0.603930 0.771505 0.245300 0.453639 0.529279 0.314592 0.098654 0.563840 0.188483 0.749335 0.924056 0.555131 0.619298 0.813852 0.002573 0.844196 0.502080 0.082132 0.771214 0.732999 0.890742 0.119403 0.066011 0.787062 0.758705 0.955790 0.792812 0.574752 0.157704 0.324610 0.200971 0.170282 0.383382 0.169386 0.661275 0.355578 0.503151 0.941142 0.927550 0.689117
0.124359 0.501826 0.088745 0.670809 0.675286 0.499395 0.724847 0.386307 0.267060 0.314276 0.432206 0.035060 0.665131 0.240186 0.790170 0.659761 0.653311 0.101065 0.064931 0.012512 0.452060 0.746981 0.114288 0.439656 0.711134 0.108220 0.617881 0.080829 0.081646 0.571949 0.373879 0.876121 0.797020 0.426053 0.450828 0.340650 0.005185 0.482985 0.168627 0.327003 0.151781 0.295560 0.536289 0.429961 0.917087 0.002523 0.876157 0.397000 0.735551 0.947133
0.140943 0.698373 0.066982 0.684841 0.529736 0.696068 0.776493 0.387446 0.165249 0.029743 0.267341 0.805098 0.983401 0.782298 0.443551 0.725697 0.867045 0.052768 0.980765 0.908544 0.569919 0.446537 0.160312 0.874668 0.343570 0.970734 0.463569 0.665865 0.442683 0.330964 0.720219 0.942372 0.204135 0.795704 0.067303 0.737658 0.745891 0.401336 0.303149 0.519759 0.119972 0.645725 0.383066 0.798373 0.424732 0.771637 0.286293 0.409019 0.450368 0.567605
0.941115 0.450724 0.240582 0.836800 0.372709 0.492394 0.630494 0.826376 0.672885 0.471960 0.934980 0.490530 0.054385 0.264760 0.185882 0.683534 0.683572 0.569224 0.166247 0.070190 0.858908 0.442348 0.123201 0.896751 0.670212 0.728207 0.611655 0.669036 0.396917 0.590185 0.381490 0.592595 0.657854 0.025375 0.405742 0.367150 0.215165 0.766322 0.602467 0.919663 0.226103 0.279336 0.671645 0.098201 0.642043 0.535466 0.047567 0.567190 0.992650 0.959197
0.762652 0.976345 0.245462 0.664961 0.587990 0.814958 0.014956 0.624348 0.501178 0.132981 0.174699 0.216148 0.141535 0.899252 0.135855 0.006466 0.385016 0.992960 0.832835 0.123395 0.477334 0.820109 0.950572 0.989183 0.698471 0.129963 0.224421 0.571809 0.605646 0.515683 0.674511 0.900745 0.863385 0.916066 0.094091 0.358132 0.205676 0.722640 0.624468 0.272487 0.454124 0.238064 0.261061 0.641230 0.914666 0.824907 0.514569 0.783540 0.609092 0.840526
0.057868 0.849015 0.096756 0.222211 0.532705 0.676838 0.757253 0.744551 0.156641 0.250946 0.333291 0.166789 0.405896 0.576728 0.078800 0.335052 0.654689 0.101219 0.434941 0.402582 0.660478 0.778555 0.637223 0.102727 0.544297 0.945375 0.953753 0.857266 0.312737 0.274994 0.896879 0.723966 0.400504 0.037897 0.199519 0.491853 0.098892 0.466228 0.605056 0.274880 0.468476 0.370184 0.609569 0.679993 0.671067 0.058533 0.400735 0.763266 0.613888 0.162123
0.269066 0.830551 0.896000 0.293030 0.285537 0.104284 0.729336 0.044465 0.974330 0.041902 0.980306 0.810863 0.143144 0.814118 0.070434 0.869458 0.438615 0.599234 0.949689 0.816901 0.817223 0.367910 0.616272 0.013418 0.568831 0.174093 0.564468 0.713703 0.043491 0.226887 0.620338 0.220372 0.029548 0.143325 0.234820 0.483273 0.378101 0.623946 0.532423 0.242620 0.315346 0.858266 0.253417 0.130092 0.826032 0.212015 0.685415 0.572517 0.497644 0.043565
0.082243 0.785594 0.439636 0.330369 0.306250 0.404402 0.110153 0.166716 0.788503 0.465310 0.275652 0.969701 0.618892 0.888221 0.098855 0.341080 0.778581 0.944455 0.046469 0.736806 0.449859 0.649691 0.098051 0.547574 0.167625 0.489160 0.446904 0.865994 0.155369 0.376516 0.495733 0.766533 0.557034 0.532652 0.565783 0.711257 0.141808 0.151630 0.368970 0.167195 0.010333 0.073888 0.198346 0.767548 0.508218 0.700690 0.723223 0.670526 0.757871 0.978471
0.258495 0.640508 0.317599 0.005635 0.362328 0.095877 0.295197 0.940975 0.377787 0.734415 0.792655 0.256398 0.284457 0.358255 0.259739 0.411538 0.571751 0.922938 0.611449 0.291853 0.428343 0.061097 0.273524 0.003611 0.889785 0.396712 0.931413 0.180484 0.297629 0.700445 0.699536 0.805971 0.444852 0.004845 0.100963 0.159576 0.380357 0.086940 0.868701 0.501588 0.845278 0.389484 0.858733 0.140088 0.398407 0.344500 0.473885 0.626887 0.716848 0.323086
0.227876 0.025221 0.659036 0.336679 0.151271 0.836945 0.445695 0.897421 0.648852 0.367535 0.728379 0.504466 0.147336 0.804855 0.531395 0.016660 0.925678 0.023713 0.771577 0.321810 0.907525 0.052303 0.110908 0.937713 0.302899 0.402085 0.028906 0.970498 0.080838 0.782848 0.223166 0.788538 0.925072 0.671063 0.954382 0.518456 0.093859 0.730578 0.766987 0.443216 0.902826 0.977546 0.515605 0.653697 0.442680 0.429080 0.445725 0.807393 0.943020 0.832177
0.350866 0.701254 0.912388 0.939345 0.809988 0.278491 0.511360 0.413223 0.374746 0.131338 0.524284 0.909263 0.631296 0.097538 0.846273 0.045893 0.416107 0.693476 0.002407 0.364452 0.653579 0.210431 0.016532 0.560971 0.314938 0.267628 0.886417 0.661863 0.784583 0.882303 0.143515 0.354673 0.721461 0.627595 0.897689 0.907988 0.056214 0.615825 0.726059 0.495799 0.711358 0.932558 0.860120 0.247598 0.988791 0.325596 0.228747 0.258734 0.804819 0.554687
